2 0.762083333333 0.545739348371 0.0558333333333 0.116541353383
2 0.896666666667 0.340852130326 0.0566666666667 0.105263157895
2 0.810833333333 0.299498746867 0.0516666666667 0.102756892231
2 0.745 0.293233082707 0.0433333333333 0.0902255639098
2 0.712083333333 0.28634085213 0.0308333333333 0.0764411027569
2 0.503333333333 0.265664160401 0.0333333333333 0.077694235589
2 0.4725 0.235588972431 0.035 0.0952380952381
2 0.590416666667 0.557644110276 0.0358333333333 0.117794486216
1 0.495833333333 0.602756892231 0.07 0.175438596491
1 0.392083333333 0.252506265664 0.0575 0.129072681704
1 0.445416666667 0.254385964912 0.0441666666667 0.12030075188
1 0.53875 0.25626566416 0.0441666666667 0.0739348370927
1 0.552916666667 0.325187969925 0.0475 0.093984962406
1 0.657083333333 0.312656641604 0.0441666666667 0.0914786967419
1 0.674166666667 0.285087719298 0.035 0.0839598997494
1 0.64875 0.541353383459 0.0475 0.100250626566
1 0.557083333333 0.572681704261 0.0575 0.137844611529
