2 0.033203125 0.301242236025 0.05078125 0.146997929607
2 0.115234375 0.344720496894 0.046875 0.12215320911
2 0.2041015625 0.271221532091 0.048828125 0.140786749482
2 0.27880859375 0.326086956522 0.0478515625 0.138716356108
2 0.3486328125 0.251552795031 0.046875 0.138716356108
2 0.43994140625 0.268115942029 0.0439453125 0.134575569358
2 0.51416015625 0.273291925466 0.0478515625 0.136645962733
2 0.59716796875 0.300207039337 0.0478515625 0.128364389234
2 0.70068359375 0.262939958592 0.0478515625 0.149068322981
2 0.7724609375 0.190476190476 0.056640625 0.149068322981
2 0.8271484375 0.204968944099 0.041015625 0.120082815735
2 0.86572265625 0.250517598344 0.0537109375 0.136645962733
2 0.93798828125 0.227743271222 0.0771484375 0.182194616977
