4 0.875 0.340950639854 0.055 0.104204753199
4 0.79625 0.339122486289 0.045 0.0859232175503
4 0.755 0.308957952468 0.045 0.0804387568556
4 0.61 0.344606946984 0.04 0.0859232175503
4 0.55375 0.305301645338 0.035 0.073126142596
4 0.51125 0.340036563071 0.0375 0.0767824497258
4 0.449375 0.372029250457 0.03875 0.0822669104205
4 0.416875 0.318098720293 0.03875 0.073126142596
4 0.37125 0.351919561243 0.035 0.0822669104205
4 0.348125 0.226691042048 0.04125 0.073126142596
4 0.29125 0.212979890311 0.0375 0.0749542961609
4 0.309375 0.282449725777 0.03875 0.0749542961609
4 0.271875 0.331809872029 0.04625 0.0859232175503
4 0.21 0.325411334552 0.0425 0.0877513711152
4 0.21875 0.185557586837 0.0425 0.0859232175503
4 0.14625 0.291590493601 0.05 0.0968921389397
1 0.706875 0.342778793419 0.05125 0.0968921389397
1 0.475625 0.325411334552 0.03375 0.073126142596
2 0.653125 0.331809872029 0.04125 0.0895795246801
