4 0.0335714285714 0.429184549356 0.0671428571429 0.158798283262
4 0.341428571429 0.410944206009 0.06 0.130901287554
4 0.590714285714 0.343347639485 0.0471428571429 0.0815450643777
4 0.551428571429 0.472103004292 0.0371428571429 0.068669527897
4 0.650714285714 0.398068669528 0.0357142857143 0.0793991416309
4 0.685 0.391630901288 0.0385714285714 0.087982832618
4 0.741428571429 0.391630901288 0.0485714285714 0.0751072961373
4 0.789285714286 0.317596566524 0.0414285714286 0.0729613733906
4 0.893571428571 0.31974248927 0.0614285714286 0.111587982833
3 0.248571428571 0.384120171674 0.0542857142857 0.0901287553648
1 0.379285714286 0.406652360515 0.0328571428571 0.0965665236052
