2 0.08125 0.253125 0.06 0.08125
2 0.1775 0.25375 0.05 0.0725
2 0.2325 0.25875 0.045 0.0675
2 0.28875 0.285 0.0475 0.06
2 0.37875 0.298125 0.0425 0.05875
2 0.395 0.255 0.0375 0.0525
2 0.45375 0.278125 0.04 0.06125
2 0.423125 0.431875 0.05375 0.07625
2 0.533125 0.461875 0.05125 0.06875
2 0.556875 0.28125 0.03875 0.0525
2 0.593125 0.27625 0.03375 0.0575
2 0.635 0.26875 0.045 0.0675
2 0.770625 0.283125 0.04125 0.06375
2 0.968125 0.285 0.04625 0.0575
2 0.738125 0.388125 0.04875 0.07125
1 0.281875 0.408125 0.05125 0.08375
1 0.595625 0.430625 0.05375 0.08125
1 0.715625 0.446875 0.06375 0.08375
1 0.72625 0.265625 0.035 0.05625
1 0.82125 0.26875 0.0425 0.05
1 0.9825 0.33125 0.0325 0.0725
4 0.518125 0.276875 0.03375 0.05125
4 0.869375 0.268125 0.04375 0.05875
4 0.69375 0.275625 0.0375 0.05375
