3 0.938125 0.517165005537 0.1225 0.323366555925
3 0.8090625 0.44407530454 0.115625 0.276854928018
3 0.301875 0.588593576966 0.0925 0.249169435216
3 0.271875 0.447951273533 0.09375 0.193798449612
3 0.318125 0.163898117386 0.0775 0.190476190476
3 0.4415625 0.143964562569 0.061875 0.146179401993
1 0.50125 0.555370985604 0.1425 0.31561461794
1 0.6634375 0.21373200443 0.076875 0.179401993355
1 0.8621875 0.203211517165 0.088125 0.200442967885
1 0.7959375 0.143964562569 0.055625 0.130675526024
1 0.5846875 0.0753045404208 0.046875 0.104097452935
1 0.0578125 0.155592469546 0.064375 0.136212624585
1 0.38 0.125138427464 0.0475 0.126245847176
2 0.4953125 0.21373200443 0.083125 0.18161683278
2 0.5771875 0.206533776301 0.065625 0.147286821705
2 0.9225 0.232004429679 0.055 0.165005537099
0 0.753125 0.2569213732 0.09875 0.221483942414
3 0.0971875 0.0598006644518 0.055625 0.115171650055
