2 0.721808014911 0.26640625 0.071761416589 0.1390625
2 0.64072693383 0.21640625 0.0587138863001 0.1390625
2 0.186859273066 0.25546875 0.049394221808 0.1296875
2 0.0773532152842 0.2484375 0.0205032618826 0.04375
3 0.58807082945 0.23984375 0.0391425908667 0.0953125
3 0.521435228332 0.19921875 0.0549860205033 0.1171875
3 0.444082013048 0.24375 0.0512581547064 0.128125
3 0.390959925443 0.23203125 0.0438024231128 0.1171875
3 0.340633737185 0.24296875 0.0419384902144 0.1046875
3 0.226001863933 0.25625 0.0307548928239 0.06875
3 0.145852749301 0.23515625 0.0214352283318 0.0484375
3 0.120223671948 0.2453125 0.0205032618826 0.040625
3 0.0144454799627 0.26171875 0.0195712954334 0.0390625
3 0.0512581547064 0.25078125 0.0167753960857 0.0390625
3 0.0908667287978 0.2421875 0.0158434296365 0.040625
2 0.928704566636 0.22734375 0.0326188257223 0.0796875
