3 0.615625 0.126463700234 0.103125 0.16393442623
3 0.86328125 0.401639344262 0.0640625 0.124121779859
3 0.73671875 0.271662763466 0.0703125 0.140515222482
3 0.27734375 0.311475409836 0.1203125 0.201405152225
3 0.1078125 0.233021077283 0.103125 0.189695550351
3 0.625 0.429742388759 0.046875 0.0866510538642
3 0.5828125 0.481264637002 0.040625 0.0819672131148
3 0.46171875 0.584309133489 0.0390625 0.0913348946136
2 0.39765625 0.367681498829 0.0640625 0.117096018735
3 0.1828125 0.297423887588 0.08125 0.154566744731
