0 0.1775 0.242385786802 0.0625 0.149746192893
0 0.406875 0.583756345178 0.05375 0.152284263959
0 0.5025 0.568527918782 0.0575 0.152284263959
2 0.6975 0.624365482234 0.065 0.162436548223
2 0.61625 0.586294416244 0.0575 0.167512690355
2 0.920625 0.266497461929 0.06125 0.162436548223
2 0.870625 0.252538071066 0.05125 0.124365482234
2 0.79375 0.27538071066 0.0625 0.154822335025
2 0.75 0.286802030457 0.0425 0.111675126904
2 0.7025 0.281725888325 0.055 0.131979695431
2 0.621875 0.25 0.05375 0.144670050761
2 0.690625 0.220812182741 0.04125 0.0913705583756
3 0.584375 0.261421319797 0.03875 0.126903553299
2 0.543125 0.28807106599 0.04125 0.109137055838
2 0.47875 0.284263959391 0.0425 0.116751269036
2 0.404375 0.253807106599 0.04375 0.116751269036
2 0.36125 0.31345177665 0.0475 0.119289340102
2 0.35375 0.197969543147 0.045 0.106598984772
2 0.306875 0.230964467005 0.04625 0.126903553299
4 0.265 0.282994923858 0.045 0.124365482234
1 0.465 0.21192893401 0.04 0.0989847715736
