3 0.129189189189 0.459532949456 0.0515315315315 0.118042226488
3 0.238918918919 0.460972488804 0.0482882882883 0.108765195138
3 0.526846846847 0.426743442099 0.0457657657658 0.0959692898273
3 0.931441441441 0.429622520793 0.0409009009009 0.084452975048
4 0.350720720721 0.435700575816 0.0459459459459 0.107485604607
4 0.426486486486 0.462412028151 0.0367567567568 0.0886116442738
4 0.469279279279 0.504638515675 0.0318918918919 0.0598208573257
4 0.395765765766 0.494401791427 0.0279279279279 0.0566218809981
4 0.184414414414 0.5371081254 0.0261261261261 0.0607805502239
4 0.441621621622 0.692898272553 0.0868468468468 0.163147792706
4 0.674684684685 0.721209213052 0.0794594594595 0.155790147153
4 0.859009009009 0.660268714012 0.0794594594595 0.138195777351
4 0.665225225225 0.492962252079 0.0230630630631 0.0447856685861
