0 0.911666666667 0.544166666667 0.0922222222222 0.148333333333
0 0.701666666667 0.666666666667 0.198888888889 0.41
0 0.577222222222 0.6625 0.114444444444 0.265
0 0.332222222222 0.596666666667 0.08 0.166666666667
0 0.233888888889 0.633333333333 0.0811111111111 0.136666666667
0 0.0466666666667 0.575 0.0933333333333 0.173333333333
0 0.683333333333 0.428333333333 0.0333333333333 0.06
0 0.598333333333 0.470833333333 0.0855555555556 0.141666666667
0 0.54 0.486666666667 0.0533333333333 0.123333333333
0 0.497777777778 0.469166666667 0.0511111111111 0.0983333333333
0 0.402222222222 0.5225 0.06 0.108333333333
0 0.459444444444 0.431666666667 0.0388888888889 0.0633333333333
0 0.215555555556 0.519166666667 0.06 0.101666666667
0 0.356111111111 0.481666666667 0.0522222222222 0.0766666666667
0 0.443888888889 0.493333333333 0.0477777777778 0.0833333333333
2 0.763333333333 0.435833333333 0.0711111111111 0.118333333333
2 0.877222222222 0.448333333333 0.0588888888889 0.103333333333
