2 0.201953125 0.472845336482 0.04609375 0.0814639905549
2 0.41640625 0.435064935065 0.0546875 0.114521841795
2 0.73359375 0.432703659976 0.0375 0.0649350649351
2 0.6953125 0.458087367178 0.034375 0.0519480519481
2 0.572265625 0.45867768595 0.02890625 0.0554899645809
2 0.59609375 0.469893742621 0.01875 0.0448642266824
3 0.922265625 0.423258559622 0.06015625 0.10507674144
3 0.876953125 0.440968122786 0.04140625 0.0743801652893
3 0.663671875 0.43093270366 0.03828125 0.0802833530106
3 0.6203125 0.43919716647 0.05 0.099173553719
3 0.259765625 0.478158205431 0.06015625 0.101534828808
3 0.81953125 0.399055489965 0.0703125 0.122786304604
