2 0.820625 0.392120075047 0.05375 0.108818011257
2 0.773125 0.382739212008 0.04125 0.101313320826
2 0.7075 0.383677298311 0.0375 0.0731707317073
2 0.633125 0.379924953096 0.04125 0.0806754221388
2 0.58625 0.3808630394 0.0325 0.0637898686679
2 0.518125 0.370544090056 0.03625 0.0806754221388
2 0.545 0.375234521576 0.02 0.0562851782364
2 0.5625 0.3808630394 0.02 0.0412757973734
2 0.49 0.392120075047 0.025 0.0525328330206
2 0.439375 0.366791744841 0.03875 0.0806754221388
2 0.384375 0.368667917448 0.04875 0.0956848030019
2 0.33 0.385553470919 0.0475 0.0919324577861
2 0.270625 0.347091932458 0.07125 0.12382739212
2 0.4625 0.387429643527 0.0225 0.0393996247655
