3 0.935 0.526315789474 0.126666666667 0.275689223058
3 0.915833333333 0.334586466165 0.165 0.213032581454
3 0.533333333333 0.144110275689 0.1 0.203007518797
3 0.150833333333 0.823308270677 0.215 0.288220551378
0 0.396666666667 0.130325814536 0.1 0.18045112782
0 0.666666666667 0.184210526316 0.1 0.22305764411
0 0.775833333333 0.179197994987 0.121666666667 0.228070175439
0 0.205 0.137844611529 0.113333333333 0.225563909774
0 0.0583333333333 0.261904761905 0.116666666667 0.243107769424
0 0.0583333333333 0.486215538847 0.116666666667 0.265664160401
0 0.708333333333 0.815789473684 0.19 0.31328320802
0 0.386666666667 0.850877192982 0.2 0.293233082707
