1 0.83125 0.548181818182 0.135 0.238181818182
1 0.32375 0.163636363636 0.0425 0.0727272727273
0 0.578125 0.690909090909 0.09125 0.185454545455
0 0.7 0.229090909091 0.045 0.0836363636364
0 0.965625 0.38 0.04125 0.08
0 0.445625 0.182727272727 0.04875 0.0745454545455
0 0.354375 0.105454545455 0.02875 0.0509090909091
2 0.22 0.407272727273 0.1175 0.225454545455
2 0.55875 0.166363636364 0.045 0.0781818181818
1 0.511875 0.101818181818 0.02875 0.0509090909091
2 0.465 0.112727272727 0.0225 0.0472727272727
