0 0.953333333333 0.291666666667 0.0911111111111 0.303333333333
0 0.892777777778 0.284166666667 0.0788888888889 0.198333333333
0 0.855 0.324166666667 0.0366666666667 0.0816666666667
0 0.716666666667 0.285 0.0755555555556 0.15
0 0.678333333333 0.36 0.03 0.07
0 0.647777777778 0.3325 0.0311111111111 0.065
0 0.598333333333 0.34 0.0366666666667 0.0666666666667
0 0.542777777778 0.348333333333 0.0366666666667 0.0666666666667
0 0.478333333333 0.3525 0.0322222222222 0.0683333333333
0 0.441666666667 0.3925 0.0344444444444 0.065
0 0.402777777778 0.3725 0.0477777777778 0.105
4 0.454444444444 0.320833333333 0.02 0.035
0 0.352777777778 0.3175 0.0433333333333 0.0916666666667
0 0.265 0.345 0.0522222222222 0.1
0 0.221111111111 0.351666666667 0.0444444444444 0.0933333333333
0 0.171111111111 0.3425 0.0488888888889 0.105
0 0.0383333333333 0.35 0.0766666666667 0.223333333333
2 0.0955555555556 0.348333333333 0.0533333333333 0.116666666667
0 0.325555555556 0.320833333333 0.0222222222222 0.045
4 0.306111111111 0.336666666667 0.0211111111111 0.04
