0 0.96186440678 0.419847328244 0.0728813559322 0.208651399491
0 0.91186440678 0.418575063613 0.0542372881356 0.139949109415
0 0.872881355932 0.389312977099 0.0440677966102 0.0865139949109
0 0.718644067797 0.421119592875 0.0779661016949 0.134860050891
0 0.681355932203 0.455470737913 0.0474576271186 0.106870229008
4 0.433050847458 0.45165394402 0.0661016949153 0.119592875318
4 0.310169491525 0.454198473282 0.0542372881356 0.0992366412214
4 0.18813559322 0.399491094148 0.0508474576271 0.0916030534351
4 0.0618644067797 0.371501272265 0.0661016949153 0.101781170483
2 0.233050847458 0.426208651399 0.0457627118644 0.0788804071247
4 0.573728813559 0.554707379135 0.0491525423729 0.0916030534351
4 0.5 0.461832061069 0.0203389830508 0.0483460559796
4 0.474576271186 0.469465648855 0.0305084745763 0.0839694656489
0 0.535593220339 0.465648854962 0.0271186440678 0.0559796437659
4 0.567796610169 0.473282442748 0.0406779661017 0.0763358778626
4 0.382203389831 0.454198473282 0.0322033898305 0.058524173028
2 0.250847457627 0.525445292621 0.0440677966102 0.0992366412214
