1 0.825 0.542372881356 0.1175 0.210922787194
1 0.649375 0.360640301318 0.07125 0.141242937853
1 0.565625 0.359698681733 0.07625 0.112994350282
1 0.455625 0.509416195857 0.11125 0.212806026365
1 0.33 0.287193973635 0.0575 0.111111111111
1 0.0825 0.132768361582 0.055 0.0885122410546
1 0.086875 0.0508474576271 0.04875 0.0790960451977
1 0.0325 0.119585687382 0.04 0.0734463276836
1 0.351875 0.210922787194 0.03375 0.0640301318267
1 0.445 0.196798493409 0.04 0.0659133709981
1 0.36625 0.0725047080979 0.02 0.0470809792844
1 0.195625 0.19209039548 0.02625 0.0564971751412
1 0.5425 0.152542372881 0.02 0.0376647834275
1 0.565 0.232580037665 0.0425 0.0809792843691
1 0.299375 0.120527306968 0.02375 0.0376647834275
1 0.51125 0.141242937853 0.02 0.0376647834275
1 0.27 0.425612052731 0.08 0.120527306968
1 0.376875 0.190207156309 0.02875 0.0414312617702
4 0.22 0.511299435028 0.085 0.167608286252
4 0.2575 0.0951035781544 0.0175 0.0282485875706
4 0.21875 0.177024482109 0.025 0.045197740113
4 0.153125 0.0979284369115 0.03625 0.060263653484
4 0.62125 0.287193973635 0.045 0.0772128060264
4 0.49375 0.0866290018832 0.025 0.0414312617702
3 0.49125 0.304143126177 0.0525 0.0998116760829
3 0.405625 0.0922787193974 0.01375 0.0225988700565
3 0.429375 0.15065913371 0.02125 0.0338983050847
4 0.271875 0.177024482109 0.02375 0.0376647834275
4 0.261875 0.353107344633 0.05375 0.0809792843691
4 0.043125 0.665725047081 0.08625 0.171374764595
4 0.589375 0.209039548023 0.02875 0.060263653484
0 0.489375 0.203389830508 0.03625 0.0640301318267
3 0.444375 0.0649717514124 0.01375 0.0169491525424
