2 0.10025 0.364333333333 0.0475 0.0646666666667
2 0.63375 0.368333333333 0.0325 0.0593333333333
2 0.53875 0.359666666667 0.0355 0.0566666666667
2 0.50025 0.348333333333 0.0375 0.062
2 0.447 0.373 0.035 0.0553333333333
2 0.4065 0.376 0.033 0.056
2 0.37925 0.364 0.0295 0.048
2 0.34425 0.360666666667 0.0305 0.0506666666667
2 0.318 0.379666666667 0.027 0.0473333333333
2 0.29575 0.371333333333 0.0245 0.044
1 0.89575 0.398666666667 0.0645 0.101333333333
1 0.79675 0.372333333333 0.0775 0.108666666667
0 0.87 0.334 0.053 0.0826666666667
0 0.67525 0.355333333333 0.0575 0.0933333333333
0 0.5915 0.362333333333 0.051 0.082
0 0.6995 0.314333333333 0.038 0.066
