4 0.823 0.362989323843 0.094 0.192170818505
4 0.692 0.434163701068 0.036 0.0782918149466
4 0.66 0.396797153025 0.028 0.067615658363
4 0.619 0.387900355872 0.046 0.0996441281139
4 0.563 0.398576512456 0.05 0.128113879004
4 0.499 0.421708185053 0.062 0.14590747331
3 0.4 0.448398576512 0.092 0.213523131673
3 0.097 0.419928825623 0.05 0.106761565836
3 0.242 0.400355871886 0.036 0.0818505338078
4 0.278 0.393238434164 0.04 0.0889679715302
4 0.146 0.446619217082 0.04 0.0818505338078
3 0.886 0.35409252669 0.04 0.103202846975
