4 0.875 0.483333333333 0.0325 0.0533333333333
4 0.69375 0.485833333333 0.0475 0.075
4 0.6425 0.4425 0.0325 0.0516666666667
4 0.22375 0.325 0.085 0.126666666667
4 0.2825 0.368333333333 0.045 0.0733333333333
4 0.338125 0.4275 0.05125 0.0783333333333
4 0.6025 0.459166666667 0.0425 0.075
4 0.109375 0.334166666667 0.07375 0.105
4 0.02875 0.3475 0.0575 0.105
2 0.390625 0.400833333333 0.04625 0.0783333333333
2 0.43625 0.406666666667 0.055 0.0933333333333
2 0.506875 0.439166666667 0.05125 0.0883333333333
2 0.56125 0.460833333333 0.0475 0.0783333333333
2 0.735 0.488333333333 0.04 0.07
2 0.810625 0.510833333333 0.03875 0.0616666666667
