1 0.967342342342 0.471887550201 0.0630630630631 0.132530120482
1 0.896396396396 0.498995983936 0.0540540540541 0.114457831325
1 0.871621621622 0.455823293173 0.0382882882883 0.0923694779116
1 0.808558558559 0.490963855422 0.0518018018018 0.122489959839
1 0.761261261261 0.505020080321 0.045045045045 0.0943775100402
1 0.592342342342 0.463855421687 0.0427927927928 0.104417670683
1 0.554054054054 0.478915662651 0.0382882882883 0.0823293172691
1 0.576013513514 0.545180722892 0.0461711711712 0.110441767068
1 0.475788288288 0.54016064257 0.0506756756757 0.120481927711
1 0.45777027027 0.475903614458 0.0371621621622 0.0883534136546
1 0.422297297297 0.518072289157 0.0427927927928 0.10843373494
1 0.371621621622 0.534136546185 0.0495495495495 0.124497991968
1 0.3125 0.461847389558 0.0461711711712 0.10843373494
1 0.209459459459 0.498995983936 0.0563063063063 0.118473895582
1 0.154842342342 0.515060240964 0.0484234234234 0.114457831325
1 0.11204954955 0.526104417671 0.0529279279279 0.124497991968
1 0.0709459459459 0.504016064257 0.0405405405405 0.0963855421687
1 0.0394144144144 0.5 0.045045045045 0.104417670683
1 0.0123873873874 0.522088353414 0.0247747747748 0.132530120482
1 0.290540540541 0.484939759036 0.0247747747748 0.070281124498
2 0.673986486486 0.487951807229 0.0529279279279 0.120481927711
