3 0.97287522604 0.320163487738 0.0470162748644 0.0735694822888
3 0.828209764919 0.227520435967 0.115732368897 0.193460490463
3 0.75226039783 0.194822888283 0.0759493670886 0.155313351499
3 0.605786618445 0.212534059946 0.0650994575045 0.130790190736
3 0.518987341772 0.241144414169 0.0867992766727 0.16621253406
3 0.438517179024 0.234332425068 0.0632911392405 0.130790190736
3 0.342676311031 0.216621253406 0.0669077757685 0.122615803815
3 0.250452079566 0.222070844687 0.0632911392405 0.117166212534
3 0.167269439421 0.197547683924 0.0813743218807 0.149863760218
3 0.0226039783002 0.261580381471 0.0452079566004 0.103542234332
