2 0.11712962963 0.56975308642 0.0712962962963 0.117283950617
2 0.240740740741 0.572222222222 0.0425925925926 0.0753086419753
2 0.306481481481 0.592592592593 0.0518518518519 0.0864197530864
2 0.33287037037 0.548148148148 0.0453703703704 0.0716049382716
2 0.434722222222 0.621604938272 0.0546296296296 0.0851851851852
2 0.493981481481 0.575308641975 0.0398148148148 0.0691358024691
2 0.41712962963 0.570987654321 0.0268518518519 0.0456790123457
2 0.542592592593 0.648765432099 0.0722222222222 0.117283950617
2 0.639351851852 0.597530864198 0.0861111111111 0.128395061728
2 0.698148148148 0.553703703704 0.0351851851852 0.0506172839506
2 0.739814814815 0.633950617284 0.0685185185185 0.10987654321
2 0.819907407407 0.652469135802 0.106481481481 0.154320987654
2 0.793981481481 0.56049382716 0.0527777777778 0.0716049382716
2 0.915740740741 0.648765432099 0.0981481481481 0.134567901235
