2 0.8486328125 0.437774524158 0.060546875 0.10541727672
3 0.765625 0.479502196193 0.048828125 0.0834553440703
3 0.65478515625 0.489751098097 0.0400390625 0.0746705710102
3 0.6220703125 0.491947291362 0.041015625 0.0761346998536
3 0.490234375 0.500732064422 0.04296875 0.0732064421669
3 0.3486328125 0.503660322108 0.037109375 0.0673499267936
3 0.18359375 0.496339677892 0.044921875 0.0849194729136
3 0.3232421875 0.503660322108 0.03125 0.0585651537335
3 0.076171875 0.502928257687 0.037109375 0.0805270863836
3 0.0361328125 0.51756954612 0.044921875 0.0746705710102
4 0.1376953125 0.51756954612 0.037109375 0.0600292825769
4 0.2421875 0.489019033675 0.0390625 0.0673499267936
4 0.41650390625 0.531478770132 0.0380859375 0.0644216691069
4 0.55908203125 0.500732064422 0.0439453125 0.0761346998536
4 0.71533203125 0.525622254758 0.0458984375 0.0732064421669
