2 0.0453125 0.536599763872 0.05625 0.0885478158205
2 0.3921875 0.546044864227 0.0265625 0.0507674144038
2 0.57578125 0.564935064935 0.025 0.0460448642267
2 0.648046875 0.569657615112 0.02578125 0.0460448642267
3 0.66484375 0.55253837072 0.0265625 0.0448642266824
3 0.4859375 0.561393152302 0.028125 0.0460448642267
3 0.3578125 0.559622195986 0.028125 0.0495867768595
3 0.309765625 0.525974025974 0.03984375 0.060212514758
3 0.270703125 0.578512396694 0.02734375 0.0448642266824
3 0.21875 0.559622195986 0.034375 0.0543093270366
2 0.174609375 0.593270365998 0.01484375 0.0271546635183
3 0.45703125 0.573789846517 0.021875 0.0377804014168
