2 0.061 0.4 0.05 0.0909090909091
2 0.161 0.428787878788 0.046 0.0878787878788
2 0.22 0.386363636364 0.036 0.0636363636364
2 0.243 0.442424242424 0.058 0.10303030303
2 0.311 0.466666666667 0.042 0.0787878787879
2 0.406 0.439393939394 0.024 0.0606060606061
2 0.438 0.428787878788 0.044 0.0939393939394
2 0.541 0.430303030303 0.03 0.0606060606061
2 0.578 0.424242424242 0.036 0.0606060606061
2 0.64 0.459090909091 0.044 0.0878787878788
2 0.743 0.424242424242 0.034 0.0606060606061
2 0.863 0.439393939394 0.042 0.0727272727273
2 0.794 0.448484848485 0.024 0.0424242424242
