1 0.301510989011 0.300196850394 0.0975274725275 0.147637795276
1 0.411401098901 0.373031496063 0.0673076923077 0.127952755906
2 0.122252747253 0.402559055118 0.0384615384615 0.0807086614173
2 0.051510989011 0.425196850394 0.0288461538462 0.0551181102362
2 0.0178571428571 0.413385826772 0.0357142857143 0.0748031496063
2 0.498626373626 0.418307086614 0.0521978021978 0.100393700787
2 0.585164835165 0.378937007874 0.0576923076923 0.100393700787
2 0.855769230769 0.363188976378 0.0741758241758 0.124015748031
4 0.74793956044 0.343503937008 0.0947802197802 0.15157480315
4 0.208791208791 0.437007874016 0.0357142857143 0.0590551181102
