3 0.123125 0.87617260788 0.09125 0.146341463415
3 0.239375 0.627579737336 0.07625 0.114446529081
3 0.358125 0.93339587242 0.08875 0.129455909944
3 0.731875 0.389305816135 0.05625 0.0956848030019
3 0.80125 0.40712945591 0.0525 0.101313320826
3 0.649375 0.622889305816 0.06875 0.116322701689
1 0.5925 0.240150093809 0.0475 0.0825515947467
1 0.491875 0.636960600375 0.07125 0.118198874296
1 0.4175 0.558161350844 0.0725 0.114446529081
1 0.834375 0.664165103189 0.06875 0.112570356473
1 0.81125 0.762664165103 0.0825 0.129455909944
