2 0.134166666667 0.3675 0.141666666667 0.255
2 0.205833333333 0.445 0.065 0.16
2 0.258333333333 0.44 0.0666666666667 0.13
2 0.296666666667 0.38875 0.05 0.0925
2 0.395833333333 0.41 0.035 0.09
2 0.411666666667 0.37875 0.03 0.0725
2 0.49 0.385 0.06 0.11
2 0.645833333333 0.33 0.0516666666667 0.115
2 0.820833333333 0.34625 0.065 0.1125
2 0.208333333333 0.3275 0.0333333333333 0.08
3 0.366666666667 0.36875 0.06 0.1275
3 0.5675 0.36375 0.0583333333333 0.1075
3 0.921666666667 0.335 0.0366666666667 0.065
