0 0.185546875 0.651026392962 0.11328125 0.202346041056
0 0.05712890625 0.805718475073 0.1083984375 0.280058651026
0 0.419921875 0.846774193548 0.1640625 0.282991202346
0 0.03125 0.307917888563 0.0625 0.199413489736
0 0.12353515625 0.282991202346 0.1083984375 0.184750733138
0 0.2509765625 0.266862170088 0.1015625 0.184750733138
0 0.36669921875 0.315249266862 0.1025390625 0.158357771261
0 0.69970703125 0.337976539589 0.0849609375 0.177419354839
0 0.7861328125 0.270527859238 0.095703125 0.171554252199
0 0.85693359375 0.301319648094 0.0712890625 0.159824046921
0 0.90625 0.274926686217 0.052734375 0.174486803519
0 0.9580078125 0.265395894428 0.08203125 0.281524926686
0 0.7958984375 0.763929618768 0.123046875 0.237536656891
4 0.544921875 0.282258064516 0.1015625 0.177419354839
