4 0.185 0.294294294294 0.09 0.168168168168
3 0.914 0.384384384384 0.136 0.24024024024
3 0.718 0.267267267267 0.092 0.198198198198
3 0.62 0.369369369369 0.072 0.132132132132
3 0.518 0.307807807808 0.056 0.117117117117
3 0.294 0.307807807808 0.032 0.0630630630631
0 0.833 0.295795795796 0.086 0.159159159159
2 0.445 0.312312312312 0.046 0.0960960960961
2 0.407 0.295795795796 0.046 0.0810810810811
2 0.347 0.298798798799 0.042 0.0810810810811
2 0.575 0.309309309309 0.03 0.0660660660661
1 0.664 0.306306306306 0.04 0.0900900900901
1 0.138 0.324324324324 0.024 0.042042042042
1 0.096 0.33033033033 0.02 0.03003003003
2 0.476 0.336336336336 0.036 0.0720720720721
