4 0.257662835249 0.199872286079 0.0651340996169 0.111111111111
4 0.344827586207 0.434227330779 0.0747126436782 0.122605363985
4 0.526819923372 0.428480204342 0.0689655172414 0.113665389527
4 0.695881226054 0.446360153257 0.066091954023 0.111111111111
4 0.831896551724 0.397190293742 0.066091954023 0.120051085568
4 0.350095785441 0.201149425287 0.0507662835249 0.0906768837803
4 0.412835249042 0.242017879949 0.0574712643678 0.095785440613
2 0.467432950192 0.170498084291 0.0536398467433 0.0983397190294
2 0.67816091954 0.193486590038 0.0574712643678 0.0932311621967
0 0.729406130268 0.220945083014 0.0699233716475 0.122605363985
0 0.519636015326 0.236270753512 0.066091954023 0.107279693487
0 0.629310344828 0.22030651341 0.0632183908046 0.103448275862
