2 0.28828125 0.236951983299 0.2390625 0.473903966597
2 0.02421875 0.189979123173 0.0421875 0.0751565762004
2 0.4890625 0.496868475992 0.1125 0.208768267223
2 0.48828125 0.720250521921 0.1328125 0.267223382046
2 0.8890625 0.726513569937 0.1875 0.334029227557
2 0.5984375 0.288100208768 0.046875 0.0751565762004
2 0.69921875 0.255741127349 0.0203125 0.0396659707724
1 0.62109375 0.461377870564 0.0828125 0.167014613779
1 0.81640625 0.482254697286 0.0796875 0.146137787056
1 0.896875 0.421711899791 0.053125 0.0835073068894
1 0.765625 0.28496868476 0.01875 0.027139874739
3 0.0875 0.39248434238 0.103125 0.171189979123
3 0.89296875 0.300626304802 0.0328125 0.0459290187891
2 0.946875 0.281837160752 0.025 0.0334029227557
