2 0.0490909090909 0.292915531335 0.0945454545455 0.171662125341
2 0.157272727273 0.301089918256 0.0309090909091 0.0626702997275
2 0.709090909091 0.328337874659 0.0872727272727 0.16621253406
2 0.808181818182 0.256130790191 0.0818181818182 0.152588555858
4 0.617272727273 0.318801089918 0.0454545454545 0.0871934604905
4 0.547272727273 0.322888283379 0.0763636363636 0.133514986376
4 0.485454545455 0.350136239782 0.04 0.0844686648501
4 0.4 0.351498637602 0.0436363636364 0.0817438692098
4 0.32 0.356948228883 0.0581818181818 0.125340599455
4 0.214545454545 0.321525885559 0.0581818181818 0.119891008174
4 0.27 0.356948228883 0.0236363636364 0.0490463215259
