0 0.922777777778 0.41 0.0588888888889 0.13
0 0.790555555556 0.445 0.0566666666667 0.11
0 0.735555555556 0.461666666667 0.0622222222222 0.113333333333
0 0.705 0.4375 0.03 0.0716666666667
0 0.597777777778 0.441666666667 0.0488888888889 0.0866666666667
0 0.508333333333 0.419166666667 0.0411111111111 0.0883333333333
0 0.450555555556 0.421666666667 0.0455555555556 0.0966666666667
0 0.404444444444 0.4625 0.0488888888889 0.0883333333333
0 0.367777777778 0.439166666667 0.0444444444444 0.0883333333333
0 0.296111111111 0.454166666667 0.0455555555556 0.0916666666667
0 0.230555555556 0.408333333333 0.0477777777778 0.0766666666667
0 0.162777777778 0.448333333333 0.0344444444444 0.08
0 0.121111111111 0.448333333333 0.0377777777778 0.0766666666667
2 0.538333333333 0.434166666667 0.0633333333333 0.115
4 0.095 0.429166666667 0.0211111111111 0.035
