3 0.0744444444444 0.633333333333 0.117777777778 0.226666666667
3 0.178888888889 0.7 0.148888888889 0.293333333333
3 0.345555555556 0.458333333333 0.0955555555556 0.203333333333
3 0.32 0.278333333333 0.0533333333333 0.116666666667
3 0.29 0.285 0.0288888888889 0.0766666666667
3 0.387777777778 0.296666666667 0.0511111111111 0.0866666666667
3 0.423333333333 0.37 0.0688888888889 0.12
3 0.49 0.303333333333 0.0511111111111 0.1
3 0.448888888889 0.253333333333 0.0355555555556 0.0666666666667
3 0.612222222222 0.321666666667 0.0644444444444 0.123333333333
3 0.586666666667 0.24 0.0488888888889 0.0866666666667
3 0.534444444444 0.211666666667 0.0377777777778 0.0766666666667
3 0.578888888889 0.181666666667 0.0333333333333 0.0566666666667
3 0.855555555556 0.155 0.0266666666667 0.05
3 0.778888888889 0.18 0.0244444444444 0.06
3 0.808888888889 0.206666666667 0.0311111111111 0.06
3 0.757777777778 0.146666666667 0.0177777777778 0.04
3 0.771111111111 0.273333333333 0.0444444444444 0.0933333333333
3 0.714444444444 0.193333333333 0.0244444444444 0.0466666666667
3 0.691111111111 0.17 0.0222222222222 0.0466666666667
3 0.65 0.176666666667 0.0288888888889 0.0533333333333
3 0.702222222222 0.231666666667 0.04 0.0766666666667
3 0.701111111111 0.316666666667 0.0555555555556 0.1
3 0.607777777778 0.193333333333 0.02 0.0466666666667
