0 0.451428571429 0.407725321888 0.0571428571429 0.0987124463519
0 0.899285714286 0.474248927039 0.0614285714286 0.115879828326
0 0.897142857143 0.362660944206 0.0428571428571 0.0729613733906
0 0.863571428571 0.351931330472 0.0414285714286 0.0815450643777
1 0.367857142857 0.386266094421 0.0528571428571 0.0944206008584
1 0.410714285714 0.404506437768 0.0385714285714 0.0836909871245
1 0.665714285714 0.454935622318 0.0571428571429 0.107296137339
1 0.607857142857 0.37982832618 0.0471428571429 0.0815450643777
1 0.550714285714 0.37660944206 0.0442857142857 0.0793991416309
1 0.514285714286 0.314377682403 0.0457142857143 0.087982832618
1 0.764285714286 0.288626609442 0.0514285714286 0.0751072961373
1 0.973571428571 0.408798283262 0.05 0.0965665236052
1 0.673571428571 0.248927038627 0.0414285714286 0.068669527897
1 0.74 0.356223175966 0.0514285714286 0.0772532188841
1 0.694285714286 0.331545064378 0.0485714285714 0.0836909871245
1 0.845 0.435622317597 0.0614285714286 0.103004291845
1 0.619285714286 0.296137339056 0.0528571428571 0.0858369098712
3 0.824285714286 0.305793991416 0.0485714285714 0.087982832618
3 0.944285714286 0.359442060086 0.0571428571429 0.0922746781116
3 0.966428571429 0.502145922747 0.0557142857143 0.107296137339
3 0.813571428571 0.391630901288 0.0585714285714 0.0922746781116
3 0.78 0.369098712446 0.0428571428571 0.0772532188841
3 0.796428571429 0.539699570815 0.07 0.109442060086
3 0.736428571429 0.526824034335 0.0728571428571 0.109442060086
3 0.566428571429 0.278969957082 0.0414285714286 0.0772532188841
3 0.456428571429 0.317596566524 0.0471428571429 0.0772532188841
3 0.416428571429 0.298283261803 0.0442857142857 0.0729613733906
3 0.632857142857 0.423819742489 0.0457142857143 0.0751072961373
