2 0.0983333333333 0.413151364764 0.0933333333333 0.171215880893
2 0.178333333333 0.429280397022 0.0633333333333 0.133995037221
2 0.224166666667 0.447890818859 0.0383333333333 0.0868486352357
2 0.325833333333 0.451612903226 0.0316666666667 0.0595533498759
2 0.389166666667 0.454094292804 0.0283333333333 0.0545905707196
2 0.6075 0.460297766749 0.0416666666667 0.0818858560794
2 0.655 0.473945409429 0.0433333333333 0.0843672456576
2 0.6975 0.45905707196 0.0283333333333 0.0843672456576
2 0.736666666667 0.451612903226 0.0633333333333 0.129032258065
3 0.2825 0.441687344913 0.0583333333333 0.0942928039702
