2 0.01171875 0.445402298851 0.0234375 0.0632183908046
2 0.06953125 0.461206896552 0.0296875 0.0603448275862
2 0.12109375 0.454022988506 0.0296875 0.0632183908046
2 0.16015625 0.452586206897 0.0265625 0.0603448275862
2 0.9390625 0.419540229885 0.034375 0.0977011494253
3 0.97265625 0.425287356322 0.0484375 0.114942528736
3 0.87890625 0.390804597701 0.0359375 0.0919540229885
3 0.77890625 0.436781609195 0.0234375 0.0632183908046
3 0.7515625 0.448275862069 0.0375 0.0862068965517
3 0.7140625 0.426724137931 0.03125 0.0775862068966
2 0.91171875 0.438218390805 0.0265625 0.066091954023
2 0.7390625 0.375 0.025 0.0431034482759
2 0.70859375 0.375 0.0171875 0.0373563218391
2 0.83125 0.426724137931 0.071875 0.146551724138
1 0.67890625 0.389367816092 0.0171875 0.0431034482759
3 0.665625 0.435344827586 0.025 0.066091954023
3 0.64375 0.458333333333 0.021875 0.0488505747126
3 0.61171875 0.426724137931 0.0203125 0.0488505747126
4 0.6453125 0.412356321839 0.01875 0.0431034482759
2 0.58046875 0.451149425287 0.0234375 0.0574712643678
2 0.57109375 0.397988505747 0.0171875 0.0373563218391
2 0.56484375 0.445402298851 0.0171875 0.051724137931
2 0.52109375 0.436781609195 0.0265625 0.0632183908046
3 0.55078125 0.445402298851 0.0171875 0.051724137931
3 0.52890625 0.369252873563 0.0171875 0.0431034482759
3 0.4734375 0.380747126437 0.01875 0.0488505747126
3 0.4921875 0.443965517241 0.021875 0.0488505747126
2 0.4640625 0.452586206897 0.021875 0.0488505747126
2 0.44296875 0.380747126437 0.0171875 0.0373563218391
2 0.4109375 0.438218390805 0.021875 0.0545977011494
2 0.39453125 0.455459770115 0.0203125 0.0488505747126
2 0.3328125 0.426724137931 0.021875 0.0545977011494
2 0.2859375 0.442528735632 0.025 0.0574712643678
2 0.21953125 0.326149425287 0.0484375 0.0890804597701
