2 0.8672 0.425609756098 0.0864 0.153658536585
2 0.7408 0.396341463415 0.0384 0.0853658536585
2 0.684 0.380487804878 0.0528 0.0975609756098
2 0.6168 0.365853658537 0.0432 0.0878048780488
2 0.5672 0.362195121951 0.0336 0.0756097560976
2 0.5496 0.419512195122 0.0432 0.0975609756098
2 0.4912 0.410975609756 0.0384 0.0853658536585
2 0.4512 0.393902439024 0.0352 0.0756097560976
2 0.4128 0.398780487805 0.048 0.1
2 0.384 0.408536585366 0.0288 0.0658536585366
2 0.3384 0.373170731707 0.0368 0.0878048780488
2 0.3112 0.386585365854 0.0272 0.0609756097561
3 0.8216 0.379268292683 0.0432 0.1
