2 0.862815884477 0.435792349727 0.0397111913357 0.068306010929
2 0.834837545126 0.448087431694 0.0162454873646 0.0382513661202
2 0.796028880866 0.449453551913 0.0180505415162 0.0355191256831
2 0.746389891697 0.427595628415 0.0379061371841 0.0628415300546
2 0.642599277978 0.456284153005 0.0397111913357 0.0765027322404
2 0.576714801444 0.424863387978 0.0342960288809 0.0573770491803
2 0.541516245487 0.428961748634 0.028880866426 0.0546448087432
2 0.438628158845 0.426229508197 0.0469314079422 0.0874316939891
2 0.403429602888 0.439890710383 0.0270758122744 0.0491803278689
2 0.313176895307 0.457650273224 0.0415162454874 0.0737704918033
2 0.244584837545 0.439890710383 0.0559566787004 0.103825136612
2 0.219314079422 0.386612021858 0.0342960288809 0.0573770491803
2 0.16155234657 0.428961748634 0.0451263537906 0.0765027322404
2 0.0631768953069 0.398907103825 0.0505415162455 0.0928961748634
1 0.0297833935018 0.45218579235 0.0559566787004 0.204918032787
