0 0.616363636364 0.338315217391 0.0363636363636 0.0625
1 0.600909090909 0.383152173913 0.0454545454545 0.070652173913
1 0.766363636364 0.349184782609 0.0418181818182 0.0679347826087
3 0.753636363636 0.403532608696 0.0490909090909 0.0896739130435
3 0.672727272727 0.372282608696 0.0436363636364 0.0815217391304
2 0.872727272727 0.350543478261 0.0618181818182 0.103260869565
2 0.414545454545 0.368206521739 0.0363636363636 0.0625
2 0.146363636364 0.32472826087 0.0672727272727 0.127717391304
1 0.530909090909 0.379076086957 0.04 0.0733695652174
1 0.562727272727 0.354619565217 0.0345454545455 0.0679347826087
1 0.465454545455 0.365489130435 0.0363636363636 0.0788043478261
3 0.390909090909 0.35597826087 0.0254545454545 0.0597826086957
3 0.362727272727 0.376358695652 0.0309090909091 0.0625
3 0.323636363636 0.35597826087 0.0290909090909 0.0652173913043
