3 0.9175 0.520408163265 0.04 0.0680272108844
3 0.845 0.530612244898 0.035 0.0680272108844
3 0.81625 0.539115646259 0.0325 0.0646258503401
3 0.77375 0.554421768707 0.0275 0.0612244897959
3 0.635 0.554421768707 0.04 0.0680272108844
3 0.55875 0.56462585034 0.0425 0.0748299319728
3 0.505 0.547619047619 0.03 0.0612244897959
3 0.09875 0.517006802721 0.0475 0.0816326530612
3 0.055 0.544217687075 0.055 0.0884353741497
1 0.16625 0.534013605442 0.0425 0.0748299319728
1 0.2225 0.527210884354 0.04 0.0748299319728
1 0.265 0.530612244898 0.045 0.0816326530612
1 0.31875 0.517006802721 0.0475 0.0816326530612
1 0.46875 0.545918367347 0.0475 0.0714285714286
1 0.375 0.534013605442 0.04 0.0748299319728
1 0.68875 0.544217687075 0.0375 0.0680272108844
0 0.74875 0.552721088435 0.0325 0.0646258503401
