4 0.0957207207207 0.377510040161 0.0518018018018 0.0923694779116
1 0.930743243243 0.318273092369 0.0484234234234 0.110441767068
1 0.964527027027 0.307228915663 0.0349099099099 0.0923694779116
1 0.856418918919 0.319277108434 0.0349099099099 0.0843373493976
1 0.813063063063 0.347389558233 0.045045045045 0.10843373494
1 0.793918918919 0.318273092369 0.027027027027 0.070281124498
1 0.712274774775 0.280120481928 0.0416666666667 0.0943775100402
1 0.671734234234 0.355421686747 0.0326576576577 0.0642570281124
1 0.618243243243 0.334337349398 0.027027027027 0.066265060241
1 0.596846846847 0.359437751004 0.0382882882883 0.0763052208835
1 0.555743243243 0.343373493976 0.0304054054054 0.0642570281124
1 0.507882882883 0.355421686747 0.0315315315315 0.0763052208835
1 0.45777027027 0.325301204819 0.0236486486486 0.0682730923695
1 0.438063063063 0.355421686747 0.0292792792793 0.0763052208835
1 0.413851351351 0.329317269076 0.0191441441441 0.0642570281124
1 0.390765765766 0.346385542169 0.0292792792793 0.070281124498
1 0.366554054054 0.317269076305 0.0304054054054 0.0642570281124
1 0.340653153153 0.340361445783 0.0259009009009 0.0622489959839
1 0.304054054054 0.355421686747 0.0292792792793 0.0642570281124
1 0.269707207207 0.327309236948 0.0259009009009 0.0602409638554
1 0.247184684685 0.343373493976 0.0281531531532 0.0642570281124
1 0.216779279279 0.330321285141 0.0191441441441 0.0542168674699
1 0.203265765766 0.347389558233 0.0236486486486 0.0602409638554
1 0.184121621622 0.317269076305 0.0236486486486 0.0602409638554
1 0.156531531532 0.327309236948 0.0247747747748 0.0682730923695
2 0.0641891891892 0.348393574297 0.0225225225225 0.0542168674699
