3 0.168 0.352 0.06 0.096
3 0.243 0.409333333333 0.034 0.0613333333333
3 0.905 0.405333333333 0.042 0.0693333333333
3 0.864 0.413333333333 0.028 0.0533333333333
3 0.8 0.313333333333 0.076 0.12
3 0.732 0.390666666667 0.056 0.104
3 0.685 0.428 0.038 0.0613333333333
3 0.69 0.382666666667 0.032 0.0453333333333
3 0.628 0.396 0.064 0.104
3 0.595 0.377333333333 0.034 0.0773333333333
3 0.536 0.396 0.052 0.0933333333333
3 0.489 0.378666666667 0.046 0.0693333333333
3 0.407 0.398666666667 0.05 0.0826666666667
3 0.379 0.409333333333 0.026 0.0613333333333
3 0.333 0.38 0.038 0.0666666666667
