1 0.244613434728 0.750950570342 0.108998732573 0.190114068441
1 0.123574144487 0.742395437262 0.10773130545 0.21102661597
1 0.0640050697085 0.903992395437 0.102661596958 0.17680608365
1 0.053865652725 0.580798479087 0.0975918884664 0.184410646388
1 0.350443599493 0.653041825095 0.102661596958 0.188212927757
1 0.433460076046 0.548479087452 0.0988593155894 0.188212927757
1 0.535487959442 0.522813688213 0.102661596958 0.190114068441
1 0.656527249683 0.327946768061 0.108998732573 0.195817490494
1 0.74144486692 0.301330798479 0.0887198986058 0.169201520913
1 0.82762991128 0.209125475285 0.0963244613435 0.182509505703
1 0.929024081115 0.48288973384 0.103929024081 0.178707224335
1 0.879594423321 0.134030418251 0.0887198986058 0.1463878327
1 0.814321926489 0.511406844106 0.112801013942 0.190114068441
1 0.653358681876 0.663498098859 0.125475285171 0.19391634981
1 0.962610899873 0.84030418251 0.0722433460076 0.212927756654
1 0.820659062104 0.920152091255 0.138149556401 0.155893536122
1 0.490494296578 0.922053231939 0.108998732573 0.152091254753
1 0.505069708492 0.804182509506 0.117870722433 0.178707224335
1 0.963244613435 0.15969581749 0.0709759188847 0.15969581749
4 0.173637515843 0.438212927757 0.0785804816223 0.1463878327
4 0.0937896070976 0.222433460076 0.0912547528517 0.152091254753
4 0.19835234474 0.133079847909 0.0823827629911 0.121673003802
4 0.193282636248 0.249049429658 0.0747782002535 0.121673003802
4 0.358681875792 0.383079847909 0.0937896070976 0.1463878327
4 0.507604562738 0.210076045627 0.084917617237 0.127376425856
4 0.706590621039 0.111216730038 0.0798479087452 0.119771863118
4 0.0386565272497 0.0779467680608 0.0747782002535 0.125475285171
4 0.285804816223 0.15969581749 0.0798479087452 0.125475285171
