4 0.07875 0.248333333333 0.065 0.09
4 0.9525 0.39 0.0775 0.133333333333
4 0.91 0.369166666667 0.03 0.075
4 0.79375 0.355833333333 0.0625 0.108333333333
4 0.73875 0.32 0.0425 0.07
4 0.698125 0.3675 0.05625 0.0883333333333
4 0.6025 0.360833333333 0.0525 0.075
4 0.663125 0.2775 0.05125 0.0683333333333
4 0.616875 0.291666666667 0.04125 0.0633333333333
4 0.5525 0.284166666667 0.035 0.055
4 0.536875 0.333333333333 0.03875 0.0633333333333
4 0.52 0.274166666667 0.0275 0.0516666666667
4 0.4925 0.301666666667 0.0325 0.0566666666667
4 0.4775 0.264166666667 0.0275 0.0483333333333
4 0.451875 0.288333333333 0.03125 0.0566666666667
4 0.415 0.2875 0.0325 0.055
4 0.384375 0.274166666667 0.02875 0.0516666666667
4 0.36375 0.268333333333 0.025 0.05
4 0.329375 0.260833333333 0.02875 0.0483333333333
