4 0.953515625 0.573529411765 0.02734375 0.0435294117647
4 0.91953125 0.634117647059 0.04375 0.0752941176471
4 0.87109375 0.573529411765 0.0234375 0.0364705882353
4 0.85703125 0.561764705882 0.01875 0.0341176470588
4 0.826171875 0.547058823529 0.02421875 0.0423529411765
4 0.81328125 0.575294117647 0.0296875 0.0494117647059
4 0.845703125 0.625294117647 0.04765625 0.0741176470588
4 0.788671875 0.561176470588 0.01796875 0.0352941176471
4 0.773046875 0.569411764706 0.02578125 0.0494117647059
4 0.746484375 0.597058823529 0.03828125 0.0788235294118
4 0.6953125 0.616470588235 0.040625 0.0682352941176
4 0.647265625 0.547647058824 0.02890625 0.0482352941176
4 0.669140625 0.874117647059 0.09921875 0.185882352941
4 0.663671875 0.756470588235 0.07734375 0.110588235294
4 0.540625 0.901176470588 0.128125 0.185882352941
4 0.52734375 0.623529411765 0.046875 0.08
4 0.518359375 0.527058823529 0.02578125 0.0494117647059
4 0.42890625 0.508235294118 0.021875 0.0423529411765
4 0.418359375 0.597647058824 0.04140625 0.0705882352941
4 0.4328125 0.742941176471 0.075 0.135294117647
4 0.334765625 0.604117647059 0.04296875 0.0764705882353
4 0.28984375 0.557647058824 0.034375 0.0611764705882
4 0.3171875 0.696470588235 0.0625 0.105882352941
4 0.226953125 0.583529411765 0.03984375 0.0729411764706
4 0.189453125 0.566470588235 0.03359375 0.06
4 0.14140625 0.512941176471 0.01875 0.0352941176471
4 0.152734375 0.665882352941 0.05546875 0.108235294118
4 0.06484375 0.87 0.1203125 0.196470588235
4 0.05546875 0.679411764706 0.071875 0.114117647059
4 0.0578125 0.551176470588 0.0359375 0.0694117647059
4 0.033984375 0.514705882353 0.02890625 0.0482352941176
4 0.012109375 0.521176470588 0.02109375 0.0611764705882
