1 0.25 0.398195876289 0.0536231884058 0.105670103093
1 0.36884057971 0.342783505155 0.036231884058 0.0876288659794
1 0.961594202899 0.32087628866 0.036231884058 0.0798969072165
1 0.841304347826 0.298969072165 0.0304347826087 0.0773195876289
1 0.951449275362 0.412371134021 0.036231884058 0.0927835051546
1 0.978260869565 0.578608247423 0.0405797101449 0.105670103093
1 0.734057971014 0.297680412371 0.0333333333333 0.0747422680412
1 0.805072463768 0.371134020619 0.0391304347826 0.0721649484536
1 0.774637681159 0.416237113402 0.0391304347826 0.0953608247423
1 0.810144927536 0.501288659794 0.0521739130435 0.105670103093
1 0.884057971014 0.556701030928 0.0550724637681 0.113402061856
1 0.880434782609 0.681701030928 0.0710144927536 0.15206185567
1 0.71884057971 0.367268041237 0.0463768115942 0.0850515463918
1 0.767391304348 0.596649484536 0.0594202898551 0.121134020619
1 0.723913043478 0.670103092784 0.0768115942029 0.144329896907
1 0.63115942029 0.596649484536 0.0710144927536 0.126288659794
1 0.650724637681 0.414948453608 0.0492753623188 0.0979381443299
1 0.623188405797 0.360824742268 0.0376811594203 0.0824742268041
1 0.613768115942 0.30412371134 0.036231884058 0.0670103092784
1 0.523188405797 0.344072164948 0.0347826086957 0.090206185567
1 0.557971014493 0.465206185567 0.0550724637681 0.0953608247423
1 0.431884057971 0.521907216495 0.0666666666667 0.121134020619
1 0.4 0.438144329897 0.0376811594203 0.0927835051546
3 0.913043478261 0.444587628866 0.0492753623188 0.090206185567
3 0.96231884058 0.792525773196 0.0724637681159 0.15206185567
4 0.651449275362 0.17912371134 0.036231884058 0.069587628866
4 0.416666666667 0.189432989691 0.0391304347826 0.0798969072165
4 0.347101449275 0.145618556701 0.036231884058 0.0747422680412
4 0.294202898551 0.189432989691 0.0289855072464 0.0747422680412
4 0.054347826087 0.261597938144 0.036231884058 0.069587628866
3 0.136956521739 0.234536082474 0.0652173913043 0.154639175258
