3 0.46174863388 0.281553398058 0.0491803278689 0.0825242718447
3 0.360655737705 0.277912621359 0.0510018214936 0.0800970873786
3 0.521857923497 0.331310679612 0.0418943533698 0.0849514563107
3 0.555555555556 0.277912621359 0.0364298724954 0.0703883495146
3 0.621129326047 0.345873786408 0.0510018214936 0.0946601941748
3 0.669398907104 0.28640776699 0.0455373406193 0.0825242718447
3 0.754098360656 0.334951456311 0.0510018214936 0.0922330097087
3 0.88160291439 0.578883495146 0.0655737704918 0.114077669903
2 0.41621129326 0.313106796117 0.0491803278689 0.0873786407767
2 0.306010928962 0.302184466019 0.0546448087432 0.0946601941748
3 0.244080145719 0.530339805825 0.0582877959927 0.0995145631068
