2 0.943333333333 0.5 0.05 0.095
2 0.885 0.48875 0.0466666666667 0.0875
2 0.845 0.47875 0.0533333333333 0.0925
2 0.610833333333 0.48125 0.045 0.0825
2 0.508333333333 0.4925 0.0533333333333 0.09
2 0.378333333333 0.4625 0.0366666666667 0.075
2 0.350833333333 0.4675 0.0283333333333 0.06
2 0.313333333333 0.48375 0.05 0.0875
2 0.215833333333 0.43875 0.0383333333333 0.0875
2 0.188333333333 0.46375 0.0333333333333 0.0575
2 0.113333333333 0.465 0.05 0.09
2 0.0575 0.42875 0.0416666666667 0.0775
3 0.4275 0.47125 0.045 0.0875
3 0.475 0.48 0.0366666666667 0.075
3 0.5775 0.4675 0.035 0.065
3 0.0283333333333 0.4825 0.0466666666667 0.085
3 0.254166666667 0.455 0.0383333333333 0.09
