3 0.189482470785 0.446623093682 0.0684474123539 0.113289760349
3 0.255425709516 0.358387799564 0.0567612687813 0.0936819172113
3 0.290484140234 0.436819172113 0.0601001669449 0.102396514161
3 0.360601001669 0.354030501089 0.0601001669449 0.0936819172113
3 0.396494156928 0.409586056645 0.0617696160267 0.117647058824
3 0.498330550918 0.437908496732 0.0517529215359 0.0958605664488
3 0.52754590985 0.375816993464 0.0534223706177 0.0980392156863
3 0.594323873122 0.449891067538 0.0567612687813 0.102396514161
3 0.645242070117 0.41394335512 0.0550918196995 0.100217864924
3 0.71285475793 0.43137254902 0.0634390651085 0.104575163399
3 0.800500834725 0.433551198257 0.0617696160267 0.108932461874
