3 0.96171875 0.373536299766 0.0734375 0.180327868852
3 0.8359375 0.48243559719 0.04375 0.0843091334895
3 0.7796875 0.468384074941 0.05625 0.103044496487
3 0.75078125 0.421545667447 0.0421875 0.0749414519906
3 0.609375 0.444964871194 0.05625 0.0983606557377
3 0.64375 0.455503512881 0.028125 0.0819672131148
3 0.49921875 0.42037470726 0.0421875 0.0725995316159
3 0.43828125 0.426229508197 0.0640625 0.121779859485
3 0.39140625 0.429742388759 0.0359375 0.0725995316159
3 0.30234375 0.435597189696 0.0328125 0.0655737704918
3 0.278125 0.413348946136 0.0375 0.0866510538642
3 0.1921875 0.439110070258 0.034375 0.0679156908665
3 0.103125 0.436768149883 0.034375 0.0679156908665
3 0.06875 0.453161592506 0.028125 0.0491803278689
3 0.01171875 0.454332552693 0.0234375 0.0655737704918
3 0.0328125 0.440281030445 0.025 0.0468384074941
4 0.22265625 0.412177985948 0.0296875 0.0515222482436
