0 0.93 0.309309309309 0.052 0.0900900900901
0 0.834 0.312312312312 0.056 0.0900900900901
0 0.772 0.283783783784 0.052 0.0990990990991
0 0.725 0.258258258258 0.062 0.132132132132
0 0.685 0.303303303303 0.042 0.0840840840841
0 0.637 0.292792792793 0.042 0.0870870870871
0 0.55 0.226726726727 0.1 0.189189189189
0 0.347 0.3003003003 0.034 0.0660660660661
0 0.23 0.285285285285 0.048 0.108108108108
0 0.266 0.298798798799 0.036 0.0750750750751
1 0.185 0.327327327327 0.034 0.0600600600601
1 0.312 0.312312312312 0.04 0.0780780780781
1 0.379 0.282282282282 0.042 0.0900900900901
1 0.49 0.310810810811 0.044 0.0870870870871
1 0.606 0.301801801802 0.032 0.0690690690691
