0 0.232645403377 0.431666666667 0.0562851782364 0.123333333333
0 0.162288930582 0.483333333333 0.0506566604128 0.113333333333
0 0.424953095685 0.446666666667 0.0281425891182 0.08
0 0.477485928705 0.436666666667 0.0281425891182 0.08
0 0.586303939962 0.47 0.0243902439024 0.06
0 0.80487804878 0.45 0.0262664165103 0.0666666666667
1 0.101313320826 0.446666666667 0.0375234521576 0.0866666666667
1 0.74296435272 0.463333333333 0.0225140712946 0.0533333333333
3 0.636960600375 0.468333333333 0.0281425891182 0.0566666666667
3 0.363039399625 0.45 0.0281425891182 0.0733333333333
3 0.298311444653 0.448333333333 0.0225140712946 0.0633333333333
3 0.77392120075 0.461666666667 0.0168855534709 0.0433333333333
2 0.538461538462 0.463333333333 0.0300187617261 0.0666666666667
2 0.707317073171 0.445 0.0225140712946 0.0633333333333
2 0.333958724203 0.443333333333 0.0262664165103 0.06
