3 0.165461121157 0.193460490463 0.0777576853526 0.158038147139
3 0.0226039783002 0.254768392371 0.0452079566004 0.111716621253
3 0.250452079566 0.222070844687 0.0596745027125 0.122615803815
3 0.345388788427 0.223433242507 0.0687160940325 0.141689373297
3 0.438517179024 0.234332425068 0.0632911392405 0.136239782016
3 0.520795660036 0.239782016349 0.0831826401447 0.174386920981
3 0.603978300181 0.211171662125 0.0687160940325 0.138964577657
3 0.749547920434 0.189373297003 0.0741410488246 0.149863760218
3 0.821880650995 0.232970027248 0.113924050633 0.193460490463
3 0.97287522604 0.321525885559 0.0470162748644 0.0871934604905
