4 0.917050691244 0.255020080321 0.103686635945 0.18875502008
4 0.809331797235 0.36546184739 0.0403225806452 0.0803212851406
4 0.745391705069 0.324297188755 0.0276497695853 0.070281124498
4 0.710253456221 0.343373493976 0.0357142857143 0.0803212851406
4 0.628456221198 0.361445783133 0.0357142857143 0.0883534136546
4 0.665322580645 0.334337349398 0.0311059907834 0.0622489959839
4 0.55702764977 0.307228915663 0.0748847926267 0.168674698795
4 0.475230414747 0.364457831325 0.0426267281106 0.0983935742972
4 0.453917050691 0.307228915663 0.0414746543779 0.0803212851406
4 0.383064516129 0.355421686747 0.0472350230415 0.100401606426
4 0.314516129032 0.381526104418 0.0437788018433 0.10843373494
4 0.291474654378 0.330321285141 0.0483870967742 0.102409638554
4 0.182603686636 0.397590361446 0.0472350230415 0.104417670683
4 0.14400921659 0.306224899598 0.0391705069124 0.0983935742972
4 0.180875576037 0.340361445783 0.0437788018433 0.0823293172691
4 0.0587557603687 0.363453815261 0.0529953917051 0.10843373494
