0 0.273291925466 0.53933747412 0.0962732919255 0.159420289855
0 0.30900621118 0.407867494824 0.0496894409938 0.0745341614907
0 0.63198757764 0.42132505176 0.0683229813665 0.11801242236
4 0.0791925465839 0.48033126294 0.0807453416149 0.120082815735
2 0.229813664596 0.365424430642 0.0434782608696 0.0766045548654
2 0.0582298136646 0.364389233954 0.0481366459627 0.0703933747412
2 0.533385093168 0.372670807453 0.0419254658385 0.0662525879917
1 0.155279503106 0.365424430642 0.0434782608696 0.0683229813665
3 0.281055900621 0.390269151139 0.0341614906832 0.0600414078675
4 0.377329192547 0.386128364389 0.0341614906832 0.055900621118
1 0.742236024845 0.409937888199 0.083850931677 0.149068322981
3 0.423913043478 0.354037267081 0.0403726708075 0.0703933747412
4 0.568322981366 0.4016563147 0.0372670807453 0.0703933747412
4 0.0923913043478 0.360248447205 0.0326086956522 0.0579710144928
