1 0.896226415094 0.337110481586 0.147169811321 0.294617563739
4 0.666037735849 0.325779036827 0.0867924528302 0.14730878187
4 0.517924528302 0.402266288952 0.0622641509434 0.130311614731
4 0.357547169811 0.409348441926 0.0547169811321 0.116147308782
4 0.433018867925 0.447592067989 0.0283018867925 0.056657223796
4 0.252830188679 0.42776203966 0.0792452830189 0.14730878187
4 0.201886792453 0.457507082153 0.0415094339623 0.0878186968839
4 0.146226415094 0.443342776204 0.0547169811321 0.104815864023
4 0.11320754717 0.473087818697 0.0301886792453 0.0736543909348
4 0.022641509434 0.478753541076 0.0415094339623 0.107648725212
4 0.555660377358 0.434844192635 0.0358490566038 0.0594900849858
