4 0.0863930885529 0.205 0.168466522678 0.37
1 0.282937365011 0.348333333333 0.129589632829 0.25
1 0.383369330454 0.353333333333 0.0885529157667 0.173333333333
3 0.411447084233 0.426666666667 0.0410367170626 0.106666666667
3 0.447084233261 0.433333333333 0.0388768898488 0.0933333333333
1 0.555075593952 0.416666666667 0.0777537796976 0.193333333333
1 0.60475161987 0.308333333333 0.116630669546 0.236666666667
1 0.927645788337 0.3 0.136069114471 0.32
3 0.829373650108 0.358333333333 0.0561555075594 0.123333333333
3 0.871490280778 0.39 0.0626349892009 0.146666666667
