0 0.549 0.220720720721 0.082 0.159159159159
0 0.727 0.261261261261 0.062 0.12012012012
0 0.682 0.307807807808 0.04 0.0870870870871
0 0.637 0.28978978979 0.042 0.0870870870871
0 0.774 0.288288288288 0.048 0.102102102102
0 0.834 0.318318318318 0.052 0.0960960960961
0 0.931 0.315315315315 0.05 0.0960960960961
0 0.348 0.304804804805 0.036 0.0750750750751
0 0.266 0.3003003003 0.032 0.0780780780781
0 0.232 0.286786786787 0.048 0.105105105105
1 0.313 0.315315315315 0.038 0.0780780780781
1 0.38 0.282282282282 0.044 0.0900900900901
1 0.49 0.310810810811 0.04 0.0870870870871
1 0.605 0.306306306306 0.034 0.0660660660661
1 0.186 0.325825825826 0.036 0.0630630630631
