3 0.0642317380353 0.282771535581 0.0931989924433 0.191011235955
3 0.138539042821 0.260299625468 0.0856423173804 0.183520599251
3 0.205289672544 0.348314606742 0.0428211586902 0.0973782771536
3 0.254408060453 0.288389513109 0.080604534005 0.149812734082
3 0.369017632242 0.342696629213 0.0680100755668 0.14606741573
3 0.449622166247 0.352059925094 0.0730478589421 0.149812734082
3 0.596977329975 0.368913857678 0.0503778337531 0.116104868914
3 0.636020151134 0.385767790262 0.0730478589421 0.149812734082
3 0.755667506297 0.346441947566 0.0705289672544 0.14606741573
3 0.856423173804 0.378277153558 0.0604534005038 0.119850187266
3 0.908060453401 0.367041198502 0.0680100755668 0.142322097378
3 0.96725440806 0.402621722846 0.0503778337531 0.123595505618
