4 0.0868055555556 0.51875 0.0458333333333 0.075
4 0.336111111111 0.473958333333 0.0388888888889 0.0770833333333
4 0.560416666667 0.509375 0.0375 0.0770833333333
0 0.669444444444 0.530208333333 0.0388888888889 0.0729166666667
0 0.610416666667 0.561458333333 0.0236111111111 0.0520833333333
0 0.530555555556 0.515625 0.0333333333333 0.06875
4 0.445833333333 0.5 0.0333333333333 0.0708333333333
3 0.217361111111 0.511458333333 0.0430555555556 0.0854166666667
2 0.764583333333 0.505208333333 0.0486111111111 0.0979166666667
2 0.847916666667 0.536458333333 0.0486111111111 0.09375
