4 0.765536723164 0.133192389006 0.124293785311 0.262156448203
4 0.976694915254 0.30021141649 0.0353107344633 0.0761099365751
4 0.943502824859 0.307610993658 0.0395480225989 0.0655391120507
4 0.652542372881 0.280126849894 0.0847457627119 0.167019027484
4 0.71186440678 0.267441860465 0.0564971751412 0.112050739958
4 0.54802259887 0.260042283298 0.0988700564972 0.177589852008
4 0.473870056497 0.309725158562 0.0720338983051 0.150105708245
4 0.400423728814 0.338266384778 0.0776836158192 0.15221987315
4 0.379237288136 0.233615221987 0.066384180791 0.116279069767
4 0.293079096045 0.201902748414 0.120056497175 0.23467230444
4 0.150423728814 0.295983086681 0.0635593220339 0.126849894292
4 0.0805084745763 0.288583509514 0.0593220338983 0.137420718816
4 0.0338983050847 0.212473572939 0.0677966101695 0.395348837209
