2 0.788181818182 0.495901639344 0.0636363636364 0.133879781421
2 0.491818181818 0.459016393443 0.0672727272727 0.136612021858
3 0.0327272727273 0.551912568306 0.0509090909091 0.120218579235
3 0.0690909090909 0.564207650273 0.0363636363636 0.0901639344262
3 0.1 0.565573770492 0.0327272727273 0.0765027322404
3 0.159090909091 0.51912568306 0.0454545454545 0.125683060109
3 0.204545454545 0.517759562842 0.0672727272727 0.150273224044
3 0.269090909091 0.521857923497 0.0727272727273 0.142076502732
3 0.330909090909 0.542349726776 0.0618181818182 0.122950819672
3 0.385454545455 0.506830601093 0.0436363636364 0.0956284153005
3 0.546363636364 0.516393442623 0.0454545454545 0.0874316939891
3 0.614545454545 0.475409836066 0.0690909090909 0.131147540984
3 0.663636363636 0.501366120219 0.0509090909091 0.117486338798
3 0.719090909091 0.505464480874 0.0454545454545 0.109289617486
3 0.838181818182 0.531420765027 0.0545454545455 0.101092896175
