2 0.13 0.209770114943 0.048 0.0804597701149
2 0.178 0.436781609195 0.056 0.0919540229885
2 0.316 0.906609195402 0.052 0.0948275862069
2 0.414 0.429597701149 0.048 0.0833333333333
2 0.38 0.318965517241 0.048 0.0747126436782
2 0.474 0.237068965517 0.04 0.0833333333333
4 0.748 0.288793103448 0.044 0.0775862068966
4 0.647 0.521551724138 0.05 0.0775862068966
4 0.571 0.304597701149 0.038 0.0632183908046
4 0.606 0.254310344828 0.044 0.066091954023
4 0.529 0.136494252874 0.034 0.066091954023
4 0.659 0.129310344828 0.042 0.0632183908046
4 0.669 0.192528735632 0.042 0.0747126436782
4 0.831 0.241379310345 0.042 0.0747126436782
4 0.939 0.354885057471 0.046 0.0833333333333
