2 0.471875 0.179156908665 0.021875 0.0538641686183
2 0.45 0.310304449649 0.025 0.0491803278689
2 0.0515625 0.570257611241 0.034375 0.0725995316159
2 0.08203125 0.578454332553 0.0296875 0.0608899297424
2 0.12265625 0.56206088993 0.0390625 0.0843091334895
2 0.18828125 0.558548009368 0.0390625 0.0819672131148
2 0.2296875 0.593676814988 0.046875 0.0913348946136
2 0.25859375 0.572599531616 0.0296875 0.0725995316159
3 0.15625 0.570257611241 0.034375 0.0679156908665
2 0.35 0.563231850117 0.034375 0.0725995316159
3 0.3890625 0.576112412178 0.0375 0.0702576112412
3 0.534375 0.571428571429 0.0375 0.0749414519906
2 0.453125 0.569086651054 0.04375 0.0843091334895
2 0.4921875 0.584309133489 0.04375 0.0913348946136
2 0.60078125 0.611241217799 0.0390625 0.0749414519906
2 0.64140625 0.583138173302 0.0453125 0.0983606557377
2 0.684375 0.594847775176 0.03125 0.0655737704918
2 0.75078125 0.591334894614 0.0390625 0.0772833723653
2 0.88125 0.591334894614 0.05625 0.105386416862
3 0.834375 0.615925058548 0.040625 0.0655737704918
2 0.975 0.584309133489 0.046875 0.152224824356
