3 0.0727272727273 0.565573770492 0.0618181818182 0.120218579235
3 0.75 0.355191256831 0.0272727272727 0.0491803278689
3 0.621818181818 0.49043715847 0.0509090909091 0.106557377049
3 0.813636363636 0.362021857923 0.0236363636364 0.0409836065574
4 0.157272727273 0.643442622951 0.0709090909091 0.122950819672
4 0.307272727273 0.601092896175 0.0654545454545 0.125683060109
4 0.456363636364 0.639344262295 0.0654545454545 0.120218579235
4 0.436363636364 0.478142076503 0.0363636363636 0.0655737704918
4 0.463636363636 0.520491803279 0.0472727272727 0.0956284153005
3 0.533636363636 0.527322404372 0.0563636363636 0.0983606557377
4 0.621818181818 0.601092896175 0.0654545454545 0.120218579235
4 0.696363636364 0.457650273224 0.04 0.051912568306
4 0.693636363636 0.515027322404 0.0527272727273 0.0956284153005
4 0.774545454545 0.558743169399 0.0472727272727 0.0901639344262
4 0.878181818182 0.621584699454 0.0763636363636 0.122950819672
4 0.915454545455 0.53825136612 0.06 0.0983606557377
4 0.981818181818 0.456284153005 0.0327272727273 0.0765027322404
4 0.789090909091 0.415300546448 0.04 0.0655737704918
