3 0.1140625 0.420833333333 0.04375 0.0708333333333
3 0.19140625 0.438541666667 0.0390625 0.0645833333333
3 0.26328125 0.434375 0.0359375 0.0604166666667
3 0.33125 0.425 0.034375 0.0583333333333
3 0.3984375 0.420833333333 0.034375 0.0583333333333
3 0.4640625 0.43125 0.034375 0.0541666666667
3 0.52734375 0.407291666667 0.0296875 0.05625
3 0.58984375 0.423958333333 0.0296875 0.0520833333333
3 0.6515625 0.419791666667 0.028125 0.0520833333333
3 0.7296875 0.420833333333 0.03125 0.0583333333333
3 0.79765625 0.434375 0.0390625 0.05625
3 0.871875 0.426041666667 0.0375 0.0645833333333
