2 0.100909090909 0.474514563107 0.0490909090909 0.0703883495146
2 0.165454545455 0.45145631068 0.04 0.0631067961165
2 0.235454545455 0.425970873786 0.0709090909091 0.109223300971
2 0.33 0.452669902913 0.0309090909091 0.0461165048544
2 0.415454545455 0.425970873786 0.0454545454545 0.0800970873786
2 0.53 0.438106796117 0.0345454545455 0.0509708737864
2 0.673636363636 0.445388349515 0.0309090909091 0.0461165048544
2 0.710909090909 0.444174757282 0.0327272727273 0.0533980582524
2 0.756363636364 0.393203883495 0.04 0.0728155339806
2 0.361818181818 0.440533980583 0.0254545454545 0.0412621359223
4 0.589090909091 0.458737864078 0.0181818181818 0.0339805825243
