4 0.297916666667 0.34604519774 0.025 0.0423728813559
4 0.40625 0.330508474576 0.0291666666667 0.045197740113
4 0.460416666667 0.320621468927 0.0333333333333 0.0536723163842
4 0.535416666667 0.320621468927 0.0291666666667 0.0536723163842
4 0.569791666667 0.319209039548 0.0270833333333 0.0508474576271
4 0.619791666667 0.326271186441 0.03125 0.0536723163842
4 0.676041666667 0.29802259887 0.0270833333333 0.0536723163842
4 0.741666666667 0.334745762712 0.0416666666667 0.0649717514124
4 0.835416666667 0.300847457627 0.0333333333333 0.0593220338983
4 0.813541666667 0.436440677966 0.0479166666667 0.0706214689266
