3 0.2255859375 0.494252873563 0.048828125 0.0919540229885
3 0.28125 0.57183908046 0.046875 0.0919540229885
3 0.3720703125 0.537356321839 0.037109375 0.0689655172414
3 0.46875 0.55316091954 0.05859375 0.112068965517
3 0.5927734375 0.586206896552 0.041015625 0.0804597701149
2 0.5615234375 0.548850574713 0.029296875 0.0632183908046
3 0.66796875 0.548850574713 0.03515625 0.0632183908046
3 0.7294921875 0.563218390805 0.056640625 0.109195402299
3 0.8291015625 0.545977011494 0.033203125 0.0689655172414
3 0.974609375 0.556034482759 0.02734375 0.0545977011494
