4 0.191666666667 0.544375 0.0383333333333 0.07375
4 0.0175 0.481875 0.0333333333333 0.10375
4 0.219583333333 0.525625 0.0241666666667 0.04375
4 0.311666666667 0.5475 0.02 0.0325
4 0.376666666667 0.525 0.0183333333333 0.035
4 0.346666666667 0.538125 0.0383333333333 0.06625
4 0.439166666667 0.575 0.0483333333333 0.0825
4 0.525 0.555 0.0383333333333 0.0725
4 0.612083333333 0.57375 0.0391666666667 0.0775
4 0.643333333333 0.558125 0.015 0.02375
4 0.689583333333 0.558125 0.0125 0.02375
4 0.705416666667 0.568125 0.0125 0.02375
4 0.71875 0.554375 0.0158333333333 0.02875
4 0.66125 0.561875 0.0108333333333 0.01875
4 0.675416666667 0.561875 0.0108333333333 0.01875
4 0.575833333333 0.55375 0.01 0.0175
4 0.755 0.52375 0.0516666666667 0.095
4 0.821666666667 0.551875 0.0366666666667 0.07625
4 0.87875 0.580625 0.0175 0.03375
4 0.884166666667 0.5625 0.0116666666667 0.02
4 0.857916666667 0.57 0.0158333333333 0.0275
4 0.908333333333 0.586875 0.0183333333333 0.03375
4 0.94375 0.574375 0.0158333333333 0.02875
4 0.976666666667 0.56625 0.0166666666667 0.0325
