3 0.5690625 0.655107778819 0.063125 0.131208997188
3 0.4578125 0.675257731959 0.011875 0.0215557638238
3 0.4421875 0.668228678538 0.009375 0.0187441424555
3 0.4075 0.660731021556 0.00875 0.0149953139644
3 0.3778125 0.668228678538 0.009375 0.020618556701
3 0.363125 0.654170571696 0.0075 0.0131208997188
3 0.3521875 0.66213683224 0.008125 0.0159325210872
3 0.34375 0.662605435801 0.00875 0.0168697282099
3 0.328125 0.665885660731 0.00875 0.0140581068416
3 0.2846875 0.662605435801 0.008125 0.0168697282099
2 0.4675 0.636363636364 0.0075 0.0131208997188
2 0.4871875 0.638706654171 0.006875 0.0121836925961
2 0.399375 0.679943767573 0.01125 0.0196813495783
2 0.364375 0.676663542643 0.01125 0.020618556701
2 0.3309375 0.680880974695 0.011875 0.0196813495783
2 0.2925 0.673383317713 0.01 0.0178069353327
2 0.401875 0.634957825679 0.00625 0.0121836925961
2 0.4284375 0.63167760075 0.006875 0.0112464854733
2 0.4296875 0.659793814433 0.009375 0.0149953139644
3 0.39125 0.655576382381 0.0075 0.0140581068416
4 0.4928125 0.678537956888 0.018125 0.0412371134021
4 0.4459375 0.632146204311 0.005625 0.0103092783505
4 0.45625 0.635426429241 0.00625 0.0112464854733
4 0.2384375 0.691190253046 0.013125 0.0253045923149
0 0.2134375 0.697750702905 0.029375 0.0552952202437
0 0.1465625 0.686035613871 0.028125 0.0543580131209
0 0.1209375 0.708528584817 0.034375 0.0674789128397
