3 0.2075 0.507396449704 0.0583333333333 0.127218934911
3 0.304166666667 0.51775147929 0.0483333333333 0.10650887574
3 0.895 0.449704142012 0.08 0.165680473373
3 0.9625 0.461538461538 0.055 0.118343195266
1 0.384166666667 0.525147928994 0.0416666666667 0.109467455621
1 0.4625 0.516272189349 0.0383333333333 0.0917159763314
1 0.4975 0.514792899408 0.0383333333333 0.094674556213
1 0.53 0.5 0.0366666666667 0.0828402366864
1 0.556666666667 0.504437869822 0.03 0.0798816568047
1 0.586666666667 0.5 0.03 0.0710059171598
1 0.615833333333 0.497041420118 0.0316666666667 0.0769230769231
1 0.645833333333 0.495562130178 0.0283333333333 0.0680473372781
1 0.68 0.485207100592 0.03 0.0650887573964
1 0.715 0.492603550296 0.0233333333333 0.0562130177515
1 0.729166666667 0.477810650888 0.0216666666667 0.0562130177515
