2 0.778095238095 0.498333333333 0.0285714285714 0.0566666666667
2 0.72380952381 0.46 0.0266666666667 0.06
2 0.689523809524 0.528333333333 0.0266666666667 0.05
2 0.699047619048 0.455 0.0266666666667 0.0566666666667
2 0.673333333333 0.416666666667 0.0209523809524 0.0533333333333
2 0.65619047619 0.158333333333 0.0247619047619 0.0566666666667
2 0.580952380952 0.153333333333 0.0228571428571 0.0466666666667
2 0.55619047619 0.123333333333 0.0266666666667 0.0533333333333
2 0.55619047619 0.256666666667 0.0228571428571 0.0533333333333
2 0.568571428571 0.351666666667 0.0247619047619 0.05
2 0.592380952381 0.445 0.0266666666667 0.05
2 0.564761904762 0.613333333333 0.04 0.08
3 0.667619047619 0.596666666667 0.0361904761905 0.0733333333333
3 0.814285714286 0.635 0.047619047619 0.09
3 0.629523809524 0.436666666667 0.0247619047619 0.0466666666667
0 0.833333333333 0.533333333333 0.0285714285714 0.0533333333333
0 0.899047619048 0.533333333333 0.0304761904762 0.06
