2 0.0808333333333 0.227002967359 0.0616666666667 0.157270029674
2 0.175833333333 0.290801186944 0.0583333333333 0.13649851632
2 0.269166666667 0.227002967359 0.0516666666667 0.139465875371
2 0.379166666667 0.247774480712 0.055 0.139465875371
2 0.47 0.219584569733 0.06 0.13649851632
2 0.5725 0.26409495549 0.055 0.124629080119
2 0.659166666667 0.224035608309 0.055 0.13353115727
2 0.739166666667 0.215133531157 0.0616666666667 0.145400593472
2 0.8275 0.234421364985 0.065 0.142433234421
2 0.919166666667 0.221068249258 0.0683333333333 0.145400593472
