3 0.140688259109 0.5273556231 0.0465587044534 0.0820668693009
3 0.198380566802 0.55623100304 0.0323886639676 0.0668693009119
3 0.248987854251 0.565349544073 0.0283400809717 0.0607902735562
3 0.278340080972 0.565349544073 0.0222672064777 0.0547112462006
3 0.301619433198 0.571428571429 0.0242914979757 0.048632218845
3 0.324898785425 0.575987841945 0.0222672064777 0.0455927051672
3 0.346153846154 0.572948328267 0.0161943319838 0.0395136778116
3 0.613360323887 0.574468085106 0.0202429149798 0.0425531914894
3 0.640688259109 0.560790273556 0.0263157894737 0.0577507598784
3 0.67004048583 0.557750759878 0.0283400809717 0.0577507598784
3 0.727732793522 0.550151975684 0.0344129554656 0.0668693009119
3 0.773279352227 0.545592705167 0.0404858299595 0.0820668693009
