4 0.037 0.45045045045 0.026 0.048048048048
4 0.097 0.436936936937 0.026 0.0510510510511
4 0.144 0.504504504505 0.044 0.0840840840841
4 0.185 0.531531531532 0.058 0.0960960960961
4 0.243 0.444444444444 0.022 0.042042042042
4 0.278 0.460960960961 0.024 0.045045045045
4 0.291 0.435435435435 0.018 0.036036036036
4 0.357 0.441441441441 0.022 0.042042042042
4 0.401 0.456456456456 0.026 0.0540540540541
4 0.446 0.447447447447 0.02 0.042042042042
4 0.464 0.472972972973 0.028 0.0570570570571
4 0.52 0.477477477477 0.032 0.0600600600601
4 0.576 0.460960960961 0.028 0.0570570570571
4 0.599 0.477477477477 0.034 0.0600600600601
4 0.667 0.487987987988 0.038 0.0750750750751
4 0.745 0.524024024024 0.05 0.0870870870871
4 0.901 0.539039039039 0.062 0.111111111111
4 0.4 0.54954954955 0.068 0.108108108108
