3 0.19281462585 0.298150510204 0.0642006802721 0.125637755102
3 0.241921768707 0.291454081633 0.0561224489796 0.133928571429
3 0.285714285714 0.271683673469 0.0561224489796 0.122448979592
3 0.325680272109 0.279974489796 0.0425170068027 0.0892857142857
3 0.34481292517 0.330676020408 0.0552721088435 0.0988520408163
3 0.384566326531 0.310905612245 0.0369897959184 0.0924744897959
3 0.475340136054 0.240433673469 0.0578231292517 0.094387755102
3 0.546556122449 0.287946428571 0.0514455782313 0.102678571429
3 0.581420068027 0.279017857143 0.0361394557823 0.0911989795918
3 0.671981292517 0.301339285714 0.0505952380952 0.10012755102
3 0.71556122449 0.301658163265 0.0459183673469 0.105867346939
3 0.75637755102 0.289221938776 0.0357142857143 0.0950255102041
3 0.792304421769 0.285076530612 0.0488945578231 0.103316326531
3 0.845450680272 0.285395408163 0.0633503401361 0.111607142857
1 0.613520408163 0.272959183673 0.0119047619048 0.0267857142857
1 0.915391156463 0.290178571429 0.0136054421769 0.0255102040816
1 0.979591836735 0.28125 0.0144557823129 0.0242346938776
