1 0.172222222222 0.398333333333 0.117777777778 0.196666666667
1 0.207777777778 0.316666666667 0.0777777777778 0.14
1 0.467777777778 0.378333333333 0.0555555555556 0.13
1 0.0622222222222 0.37 0.0533333333333 0.133333333333
1 0.663333333333 0.396666666667 0.0377777777778 0.0666666666667
1 0.747777777778 0.416666666667 0.0822222222222 0.146666666667
0 0.787777777778 0.391666666667 0.0466666666667 0.11
0 0.928888888889 0.398333333333 0.0488888888889 0.116666666667
0 0.968888888889 0.415 0.0577777777778 0.136666666667
3 0.837777777778 0.395 0.0755555555556 0.163333333333
3 0.524444444444 0.351666666667 0.0755555555556 0.163333333333
3 0.343333333333 0.355 0.0866666666667 0.17
3 0.118888888889 0.361666666667 0.0777777777778 0.17
3 0.0288888888889 0.385 0.0533333333333 0.176666666667
4 0.288888888889 0.403333333333 0.04 0.0866666666667
