1 0.0840425531915 0.30625 0.112765957447 0.1575
1 0.212765957447 0.385 0.0340425531915 0.05
1 0.36914893617 0.55375 0.0659574468085 0.0925
1 0.28829787234 0.38875 0.0659574468085 0.0925
1 0.354255319149 0.36125 0.0574468085106 0.0975
1 0.396808510638 0.35375 0.0446808510638 0.0925
1 0.443617021277 0.36125 0.0446808510638 0.0825
1 0.473404255319 0.385 0.036170212766 0.07
1 0.512765957447 0.36125 0.0382978723404 0.0625
1 0.563829787234 0.3725 0.0425531914894 0.07
1 0.618085106383 0.38 0.0489361702128 0.075
1 0.670212765957 0.3775 0.0553191489362 0.08
1 0.735106382979 0.395 0.0489361702128 0.075
1 0.813829787234 0.39375 0.0531914893617 0.0775
1 0.878723404255 0.39125 0.0510638297872 0.0825
1 0.942553191489 0.4025 0.0510638297872 0.08
1 0.970212765957 0.36875 0.0553191489362 0.0775
