3 0.129595588235 0.265193370166 0.0275735294118 0.060773480663
3 0.543198529412 0.277624309392 0.0275735294118 0.0635359116022
3 0.844669117647 0.306629834254 0.0533088235294 0.104972375691
3 0.908088235294 0.302486187845 0.0698529411765 0.129834254144
2 0.791360294118 0.267955801105 0.0459558823529 0.104972375691
2 0.741727941176 0.313535911602 0.0459558823529 0.085635359116
2 0.681985294118 0.281767955801 0.0367647058824 0.0828729281768
2 0.645220588235 0.280386740331 0.0330882352941 0.0745856353591
2 0.579044117647 0.28453038674 0.0330882352941 0.0718232044199
2 0.465073529412 0.267955801105 0.0330882352941 0.0662983425414
2 0.432904411765 0.273480662983 0.0238970588235 0.0552486187845
2 0.400735294118 0.277624309392 0.0220588235294 0.0469613259669
2 0.371323529412 0.299723756906 0.0294117647059 0.0580110497238
2 0.318933823529 0.269337016575 0.0238970588235 0.0469613259669
2 0.284926470588 0.270718232044 0.0220588235294 0.0441988950276
2 0.167279411765 0.276243093923 0.0551470588235 0.104972375691
