1 0.0370967741935 0.71875 0.0354838709677 0.0795454545455
1 0.166935483871 0.735795454545 0.0338709677419 0.0681818181818
1 0.26935483871 0.734375 0.0387096774194 0.0767045454545
1 0.447580645161 0.75 0.0370967741935 0.0795454545455
1 0.500806451613 0.627840909091 0.0274193548387 0.0568181818182
1 0.540322580645 0.599431818182 0.0225806451613 0.0397727272727
1 0.607258064516 0.572443181818 0.0209677419355 0.0426136363636
1 0.592741935484 0.723011363636 0.0370967741935 0.0710227272727
1 0.656451612903 0.710227272727 0.0290322580645 0.0625
1 0.801612903226 0.744318181818 0.0354838709677 0.0852272727273
1 0.782258064516 0.765625 0.0258064516129 0.0596590909091
0 0.0758064516129 0.703125 0.0322580645161 0.0710227272727
0 0.18064516129 0.673295454545 0.0225806451613 0.0511363636364
0 0.936290322581 0.700284090909 0.0403225806452 0.09375
