4 0.132558139535 0.413312693498 0.0837209302326 0.12693498452
4 0.139534883721 0.301857585139 0.0697674418605 0.114551083591
4 0.304651162791 0.314241486068 0.0604651162791 0.0959752321981
4 0.268604651163 0.40866873065 0.0581395348837 0.111455108359
4 0.38488372093 0.360681114551 0.0627906976744 0.108359133127
4 0.468604651163 0.388544891641 0.053488372093 0.0959752321981
4 0.488372093023 0.329721362229 0.046511627907 0.0835913312693
4 0.503488372093 0.422600619195 0.053488372093 0.0897832817337
4 0.606976744186 0.404024767802 0.0511627906977 0.0897832817337
4 0.732558139535 0.404024767802 0.0651162790698 0.108359133127
4 0.83488372093 0.402476780186 0.046511627907 0.0928792569659
4 0.867441860465 0.427244582043 0.0558139534884 0.105263157895
4 0.918604651163 0.424148606811 0.046511627907 0.0804953560372
4 0.962790697674 0.40866873065 0.0697674418605 0.148606811146
