3 0.0538888888889 0.255833333333 0.0322222222222 0.0616666666667
3 0.161111111111 0.255833333333 0.0266666666667 0.055
3 0.18 0.264166666667 0.0222222222222 0.0516666666667
3 0.206111111111 0.2525 0.0277777777778 0.0516666666667
3 0.257777777778 0.250833333333 0.0222222222222 0.0483333333333
3 0.287222222222 0.250833333333 0.0277777777778 0.0516666666667
3 0.305555555556 0.24 0.0155555555556 0.0366666666667
3 0.318333333333 0.238333333333 0.0233333333333 0.0533333333333
3 0.338888888889 0.248333333333 0.02 0.0366666666667
3 0.372777777778 0.245 0.0255555555556 0.06
3 0.405 0.235833333333 0.0233333333333 0.055
3 0.430555555556 0.2475 0.0166666666667 0.035
3 0.448888888889 0.238333333333 0.0177777777778 0.0433333333333
3 0.465 0.246666666667 0.0233333333333 0.05
3 0.486111111111 0.244166666667 0.0211111111111 0.045
3 0.532777777778 0.244166666667 0.0233333333333 0.0516666666667
3 0.572777777778 0.258333333333 0.0233333333333 0.04
3 0.618888888889 0.250833333333 0.02 0.045
3 0.648888888889 0.255833333333 0.0177777777778 0.035
3 0.688333333333 0.259166666667 0.0166666666667 0.0316666666667
3 0.725555555556 0.250833333333 0.0155555555556 0.0316666666667
4 0.748888888889 0.256666666667 0.0177777777778 0.03
3 0.78 0.260833333333 0.0155555555556 0.0283333333333
3 0.792222222222 0.248333333333 0.0133333333333 0.0266666666667
3 0.815555555556 0.248333333333 0.0155555555556 0.03
3 0.841666666667 0.253333333333 0.0122222222222 0.0266666666667
3 0.855 0.255 0.0122222222222 0.03
3 0.876111111111 0.2575 0.0144444444444 0.025
3 0.918333333333 0.254166666667 0.0144444444444 0.025
3 0.964444444444 0.249166666667 0.0133333333333 0.0216666666667
1 0.696111111111 0.366666666667 0.0411111111111 0.0866666666667
1 0.741111111111 0.395833333333 0.0444444444444 0.075
1 0.0194444444444 0.275 0.0388888888889 0.09
0 0.0905555555556 0.269166666667 0.0366666666667 0.055
