2 0.1175 0.51 0.035 0.06
2 0.180833333333 0.515555555556 0.035 0.0622222222222
2 0.286666666667 0.508888888889 0.04 0.0622222222222
2 0.391666666667 0.501111111111 0.0333333333333 0.06
2 0.420833333333 0.502222222222 0.0316666666667 0.0488888888889
2 0.485833333333 0.49 0.035 0.06
2 0.538333333333 0.508888888889 0.05 0.0888888888889
2 0.579166666667 0.487777777778 0.0383333333333 0.06
2 0.621666666667 0.523333333333 0.0266666666667 0.0422222222222
2 0.664166666667 0.508888888889 0.0316666666667 0.0577777777778
2 0.808333333333 0.521111111111 0.0466666666667 0.0822222222222
4 0.7575 0.474444444444 0.0216666666667 0.0377777777778
4 0.7175 0.525555555556 0.0183333333333 0.0377777777778
2 0.86 0.507777777778 0.0366666666667 0.06
2 0.9475 0.506666666667 0.035 0.0577777777778
4 0.896666666667 0.505555555556 0.0233333333333 0.0422222222222
