1 0.0673333333333 0.360444444444 0.0186666666667 0.0311111111111
1 0.138666666667 0.363555555556 0.0186666666667 0.0302222222222
1 0.356333333333 0.348888888889 0.0206666666667 0.0293333333333
1 0.254666666667 0.354666666667 0.016 0.0266666666667
1 0.297333333333 0.530222222222 0.02 0.0275555555556
1 0.489 0.352444444444 0.0206666666667 0.0311111111111
1 0.508666666667 0.358666666667 0.0186666666667 0.0311111111111
1 0.546 0.688888888889 0.0226666666667 0.0391111111111
1 0.707 0.569777777778 0.014 0.0248888888889
1 0.764 0.704888888889 0.02 0.0373333333333
3 0.848 0.804444444444 0.028 0.0462222222222
1 0.549666666667 0.34 0.018 0.0275555555556
