1 0.138333333333 0.26875 0.103333333333 0.1975
1 0.195 0.26625 0.0433333333333 0.0975
1 0.01 0.30375 0.02 0.0875
1 0.328333333333 0.24 0.06 0.115
1 0.43 0.2575 0.0366666666667 0.075
1 0.4775 0.26375 0.0383333333333 0.0775
4 0.379166666667 0.25375 0.065 0.1125
4 0.518333333333 0.26375 0.0533333333333 0.1075
4 0.635833333333 0.2725 0.0516666666667 0.105
4 0.691666666667 0.30625 0.07 0.1125
4 0.735833333333 0.26 0.0316666666667 0.06
4 0.801666666667 0.2825 0.05 0.095
4 0.844166666667 0.2775 0.045 0.09
4 0.981666666667 0.28125 0.0333333333333 0.0975
