4 0.207272727273 0.325665859564 0.04 0.0750605326877
3 0.189090909091 0.513317191283 0.0618181818182 0.09200968523
3 0.32 0.481840193705 0.0545454545455 0.0823244552058
3 0.316363636364 0.55205811138 0.0581818181818 0.0823244552058
3 0.3 0.595641646489 0.0654545454545 0.0968523002421
3 0.426363636364 0.546004842615 0.0490909090909 0.0847457627119
1 0.469090909091 0.553268765133 0.0581818181818 0.0847457627119
3 0.503636363636 0.456416464891 0.0436363636364 0.0799031476998
3 0.594545454545 0.455205811138 0.0509090909091 0.0823244552058
3 0.671818181818 0.453995157385 0.0418181818182 0.0750605326877
3 0.75 0.317191283293 0.0636363636364 0.106537530266
3 0.804545454545 0.345036319613 0.0563636363636 0.089588377724
