3 0.741 0.448948948949 0.086 0.159159159159
3 0.662 0.438438438438 0.032 0.0660660660661
3 0.577 0.448948948949 0.022 0.045045045045
3 0.508 0.456456456456 0.024 0.042042042042
2 0.806 0.468468468468 0.04 0.0780780780781
2 0.608 0.454954954955 0.02 0.039039039039
2 0.473 0.435435435435 0.022 0.048048048048
2 0.44 0.444444444444 0.028 0.0540540540541
2 0.411 0.447447447447 0.026 0.048048048048
2 0.371 0.444444444444 0.022 0.042042042042
2 0.339 0.442942942943 0.026 0.0510510510511
2 0.314 0.442942942943 0.02 0.045045045045
