2 0.146363636364 0.327445652174 0.0745454545455 0.138586956522
2 0.413636363636 0.366847826087 0.0345454545455 0.070652173913
2 0.871818181818 0.353260869565 0.0672727272727 0.114130434783
3 0.752727272727 0.402173913043 0.0581818181818 0.0978260869565
1 0.766363636364 0.351902173913 0.0454545454545 0.0896739130435
3 0.671818181818 0.373641304348 0.0490909090909 0.0951086956522
1 0.600909090909 0.389945652174 0.0490909090909 0.0896739130435
1 0.562727272727 0.35597826087 0.0345454545455 0.0815217391304
1 0.530909090909 0.375 0.0436363636364 0.070652173913
1 0.465454545455 0.364130434783 0.0436363636364 0.0815217391304
3 0.39 0.357336956522 0.0272727272727 0.0625
3 0.361818181818 0.372282608696 0.0327272727273 0.0760869565217
3 0.323636363636 0.354619565217 0.0363636363636 0.0679347826087
0 0.614545454545 0.338315217391 0.0363636363636 0.0679347826087
