0 0.229583333333 0.625615763547 0.0191666666667 0.0369458128079
0 0.325416666667 0.485221674877 0.0225 0.0344827586207
0 0.370416666667 0.509236453202 0.0191666666667 0.0332512315271
0 0.4575 0.540024630542 0.0216666666667 0.0357142857143
0 0.467083333333 0.674876847291 0.0208333333333 0.0369458128079
0 0.384166666667 0.724137931034 0.0216666666667 0.0344827586207
0 0.775416666667 0.56157635468 0.0191666666667 0.0320197044335
0 0.745833333333 0.378078817734 0.02 0.0320197044335
2 0.622916666667 0.352216748768 0.0225 0.0344827586207
4 0.5725 0.347906403941 0.02 0.0357142857143
1 0.805833333333 0.451354679803 0.0183333333333 0.0381773399015
3 0.885 0.36145320197 0.02 0.0332512315271
0 0.860416666667 0.277709359606 0.0158333333333 0.0283251231527
0 0.8475 0.334359605911 0.02 0.0332512315271
0 0.80375 0.277709359606 0.0191666666667 0.0357142857143
2 0.732083333333 0.237684729064 0.0191666666667 0.0295566502463
0 0.677916666667 0.200738916256 0.0175 0.0295566502463
0 0.675833333333 0.146551724138 0.0166666666667 0.0295566502463
0 0.602916666667 0.0954433497537 0.0158333333333 0.0258620689655
0 0.491666666667 0.0960591133005 0.0183333333333 0.0320197044335
0 0.375833333333 0.594827586207 0.0183333333333 0.0270935960591
0 0.983333333333 0.400246305419 0.02 0.0369458128079
