2 0.869243421053 0.160539215686 0.0871710526316 0.139705882353
4 0.742598684211 0.191176470588 0.0378289473684 0.078431372549
3 0.638157894737 0.212009803922 0.0394736842105 0.0808823529412
1 0.554276315789 0.185049019608 0.0361842105263 0.0857843137255
1 0.462171052632 0.203431372549 0.0427631578947 0.093137254902
1 0.369243421053 0.205882352941 0.0378289473684 0.078431372549
1 0.334703947368 0.212009803922 0.0476973684211 0.0857843137255
1 0.266447368421 0.247549019608 0.0361842105263 0.078431372549
1 0.192434210526 0.216911764706 0.0328947368421 0.0759803921569
2 0.217105263158 0.230392156863 0.0263157894737 0.0735294117647
1 0.120888157895 0.231617647059 0.0345394736842 0.0661764705882
3 0.251644736842 0.197303921569 0.0328947368421 0.0563725490196
1 0.0501644736842 0.24387254902 0.0378289473684 0.0857843137255
1 0.0238486842105 0.25 0.0411184210526 0.0980392156863
