2 0.0572463768116 0.310444874275 0.114492753623 0.303675048356
2 0.199275362319 0.352030947776 0.114492753623 0.2166344294
2 0.26884057971 0.431334622824 0.0826086956522 0.139264990329
2 0.323913043478 0.360735009671 0.0797101449275 0.152804642166
2 0.408695652174 0.417794970986 0.0869565217391 0.135396518375
2 0.544202898551 0.403288201161 0.0739130434783 0.125725338491
2 0.659420289855 0.34912959381 0.0840579710145 0.172147001934
2 0.771014492754 0.356866537718 0.142028985507 0.21083172147
3 0.438405797101 0.613152804642 0.1 0.166344294004
1 0.126086956522 0.0822050290135 0.0260869565217 0.0444874274662
1 0.169565217391 0.155705996132 0.0202898550725 0.036750483559
