4 0.612222222222 0.417362270451 0.0422222222222 0.0767946577629
1 0.848333333333 0.646076794658 0.0522222222222 0.093489148581
1 0.551666666667 0.417362270451 0.0433333333333 0.0767946577629
1 0.299444444444 0.625208681135 0.03 0.0617696160267
1 0.225 0.590150250417 0.0322222222222 0.0584307178631
1 0.211666666667 0.651919866444 0.0366666666667 0.0717863105175
1 0.163888888889 0.564273789649 0.0277777777778 0.0601001669449
1 0.0911111111111 0.567612687813 0.0333333333333 0.0567612687813
1 0.123333333333 0.639398998331 0.0377777777778 0.0667779632721
1 0.0533333333333 0.655258764608 0.0511111111111 0.0884808013356
