3 0.38622754491 0.375668449198 0.0658682634731 0.109625668449
3 0.532934131737 0.394385026738 0.0798403193613 0.136363636364
3 0.592814371257 0.332219251337 0.0538922155689 0.0975935828877
3 0.643213572854 0.276069518717 0.0309381237525 0.0601604278075
3 0.451097804391 0.298128342246 0.0299401197605 0.0454545454545
3 0.472055888224 0.282754010695 0.0239520958084 0.0360962566845
3 0.211077844311 0.32820855615 0.0349301397206 0.0548128342246
3 0.214570858283 0.298796791444 0.0279441117764 0.0414438502674
3 0.14620758483 0.326203208556 0.0469061876248 0.0668449197861
4 0.0713572854291 0.305481283422 0.0409181636727 0.0548128342246
4 0.0998003992016 0.306818181818 0.0299401197605 0.0467914438503
4 0.181636726547 0.354278074866 0.0578842315369 0.0641711229947
4 0.25249500998 0.359625668449 0.063872255489 0.0828877005348
4 0.322355289421 0.332887700535 0.0479041916168 0.0695187165775
4 0.289920159681 0.445187165775 0.0908183632735 0.122994652406
4 0.688622754491 0.303475935829 0.0499001996008 0.0828877005348
4 0.803892215569 0.330882352941 0.0588822355289 0.0949197860963
4 0.889221556886 0.320187165775 0.0419161676647 0.0601604278075
4 0.936127744511 0.280080213904 0.0359281437126 0.0494652406417
1 0.7624750499 0.300802139037 0.0499001996008 0.072192513369
1 0.343313373253 0.29679144385 0.0439121756487 0.0614973262032
1 0.297904191617 0.285427807487 0.0309381237525 0.0441176470588
3 0.51746506986 0.291443850267 0.0249500998004 0.0401069518717
4 0.561876247505 0.286764705882 0.0299401197605 0.0387700534759
4 0.407185628743 0.300802139037 0.0339321357285 0.0508021390374
