4 0.193125 0.385122410546 0.04875 0.103578154426
4 0.128125 0.451035781544 0.09875 0.178907721281
4 0.045 0.441619585687 0.085 0.28813559322
4 0.266875 0.413370998117 0.08375 0.141242937853
4 0.36875 0.447269303202 0.08 0.160075329567
4 0.459375 0.40395480226 0.08625 0.141242937853
4 0.60375 0.471751412429 0.0675 0.133709981168
2 0.675625 0.413370998117 0.08625 0.160075329567
4 0.7925 0.473634651601 0.08 0.133709981168
4 0.87125 0.468926553672 0.0825 0.135593220339
4 0.9225 0.399246704331 0.0825 0.105461393597
4 0.97875 0.516007532957 0.04 0.15065913371
