0 0.0663636363636 0.369863013699 0.0963636363636 0.169863013699
0 0.262727272727 0.416438356164 0.0672727272727 0.153424657534
0 0.353636363636 0.402739726027 0.0636363636364 0.131506849315
0 0.424545454545 0.391780821918 0.0563636363636 0.12602739726
0 0.532727272727 0.519178082192 0.0581818181818 0.128767123288
0 0.611818181818 0.475342465753 0.0636363636364 0.128767123288
0 0.723636363636 0.438356164384 0.0690909090909 0.13698630137
0 0.551818181818 0.365753424658 0.0454545454545 0.0739726027397
0 0.841818181818 0.430136986301 0.109090909091 0.241095890411
0 0.929090909091 0.384931506849 0.08 0.167123287671
