1 0.0745454545455 0.678474114441 0.04 0.0817438692098
1 0.0527272727273 0.524523160763 0.0363636363636 0.0681198910082
1 0.116363636364 0.529972752044 0.0327272727273 0.0735694822888
1 0.147272727273 0.524523160763 0.0327272727273 0.0790190735695
1 0.19 0.540871934605 0.0345454545455 0.0735694822888
1 0.222727272727 0.528610354223 0.0345454545455 0.0762942779292
1 0.252727272727 0.528610354223 0.0363636363636 0.0708446866485
1 0.294545454545 0.513623978202 0.0363636363636 0.0735694822888
1 0.361818181818 0.483651226158 0.0327272727273 0.0681198910082
1 0.418181818182 0.50408719346 0.0290909090909 0.0708446866485
1 0.489090909091 0.49863760218 0.0327272727273 0.0762942779292
1 0.511818181818 0.525885558583 0.0345454545455 0.0762942779292
1 0.552727272727 0.487738419619 0.0327272727273 0.0708446866485
1 0.626363636364 0.506811989101 0.0345454545455 0.0708446866485
1 0.697272727273 0.509536784741 0.0309090909091 0.0653950953678
1 0.836363636364 0.49591280654 0.0327272727273 0.0653950953678
1 0.934545454545 0.686648501362 0.0436363636364 0.0817438692098
1 0.845454545455 0.67029972752 0.0436363636364 0.0871934604905
1 0.764545454545 0.683923705722 0.0381818181818 0.0817438692098
1 0.683636363636 0.6689373297 0.0436363636364 0.0790190735695
1 0.610909090909 0.659400544959 0.0436363636364 0.0762942779292
1 0.540909090909 0.659400544959 0.0418181818182 0.0926430517711
1 0.457272727273 0.677111716621 0.0381818181818 0.0844686648501
1 0.381818181818 0.659400544959 0.0436363636364 0.0817438692098
1 0.300909090909 0.649863760218 0.0381818181818 0.0735694822888
1 0.227272727273 0.655313351499 0.04 0.0844686648501
1 0.15 0.662125340599 0.0454545454545 0.0871934604905
4 0.331818181818 0.50272479564 0.0381818181818 0.0681198910082
4 0.394545454545 0.527247956403 0.0290909090909 0.0626702997275
4 0.46 0.506811989101 0.0327272727273 0.0653950953678
4 0.576363636364 0.519073569482 0.04 0.0681198910082
4 0.665454545455 0.508174386921 0.0363636363636 0.0681198910082
4 0.747272727273 0.523160762943 0.0327272727273 0.0653950953678
4 0.770909090909 0.49727520436 0.0363636363636 0.0681198910082
4 0.802727272727 0.506811989101 0.0381818181818 0.0708446866485
4 0.866363636364 0.49591280654 0.0345454545455 0.0762942779292
