3 0.0875 0.479362101313 0.0425 0.0694183864916
3 0.38375 0.499061913696 0.0325 0.0712945590994
3 0.74125 0.581613508443 0.0375 0.0600375234522
3 0.8325 0.568480300188 0.035 0.0675422138837
4 0.56 0.571294559099 0.03 0.06191369606
4 0.650625 0.579737335835 0.03125 0.0562851782364
1 0.0275 0.789868667917 0.055 0.142589118199
1 0.075 0.742026266417 0.075 0.129455909944
1 0.126875 0.665103189493 0.05875 0.0994371482176
1 0.125 0.869606003752 0.1075 0.15947467167
1 0.19625 0.713883677298 0.065 0.114446529081
1 0.255 0.675422138837 0.055 0.0900562851782
1 0.24375 0.803001876173 0.0775 0.127579737336
1 0.309375 0.658536585366 0.04875 0.0825515947467
1 0.3175 0.875234521576 0.1025 0.133208255159
1 0.3625 0.720450281426 0.0575 0.105065666041
1 0.399375 0.772045028143 0.07875 0.125703564728
1 0.414375 0.641651031895 0.04125 0.0750469043152
1 0.510625 0.691369606004 0.05125 0.0994371482176
1 0.55625 0.847091932458 0.09 0.144465290807
3 0.49375 0.905253283302 0.1275 0.18574108818
1 0.55875 0.662288930582 0.05 0.078799249531
1 0.579375 0.742026266417 0.05625 0.0919324577861
1 0.639375 0.755159474672 0.07625 0.140712945591
1 0.6825 0.652908067542 0.0475 0.0825515947467
1 0.796875 0.662288930582 0.04875 0.0863039399625
1 0.86 0.714821763602 0.065 0.093808630394
1 0.909375 0.646341463415 0.05875 0.103189493433
1 0.75 0.846153846154 0.105 0.172607879925
1 0.815 0.807692307692 0.075 0.114446529081
1 0.964375 0.732645403377 0.06875 0.129455909944
1 0.975 0.851782363977 0.0475 0.176360225141
