2 0.033 0.281333333333 0.062 0.130666666667
2 0.146 0.28 0.072 0.112
2 0.232 0.32 0.096 0.149333333333
2 0.291 0.269333333333 0.054 0.0906666666667
2 0.353 0.285333333333 0.078 0.133333333333
2 0.423 0.265333333333 0.042 0.0666666666667
2 0.465 0.314666666667 0.066 0.106666666667
2 0.511 0.304 0.058 0.101333333333
2 0.556 0.265333333333 0.036 0.056
2 0.583 0.296 0.046 0.0906666666667
2 0.639 0.253333333333 0.046 0.096
2 0.672 0.277333333333 0.028 0.0586666666667
2 0.869 0.273333333333 0.07 0.12
4 0.956 0.250666666667 0.036 0.0746666666667
4 0.715 0.246666666667 0.038 0.0613333333333
4 0.904 0.246666666667 0.028 0.0613333333333
