2 0.049375 0.589523809524 0.04125 0.0742857142857
2 0.19625 0.555238095238 0.065 0.12380952381
2 0.28375 0.579047619048 0.035 0.0838095238095
2 0.321875 0.56 0.06875 0.140952380952
2 0.3725 0.565714285714 0.0425 0.0952380952381
2 0.4125 0.579047619048 0.0275 0.0647619047619
2 0.440625 0.570476190476 0.04125 0.0857142857143
2 0.558125 0.579047619048 0.04125 0.087619047619
2 0.621875 0.574285714286 0.07375 0.150476190476
2 0.748125 0.558095238095 0.05375 0.0952380952381
2 0.815625 0.602857142857 0.04875 0.100952380952
2 0.93 0.58380952381 0.0575 0.104761904762
