0 0.0290909090909 0.407348242812 0.04 0.073482428115
0 0.0472727272727 0.354632587859 0.0327272727273 0.0638977635783
0 0.100909090909 0.399361022364 0.0454545454545 0.0766773162939
0 0.130909090909 0.325878594249 0.0363636363636 0.0702875399361
0 0.204545454545 0.407348242812 0.0345454545455 0.073482428115
0 0.252727272727 0.276357827476 0.0363636363636 0.0862619808307
0 0.268181818182 0.423322683706 0.0490909090909 0.0990415335463
0 0.370909090909 0.484025559105 0.0545454545455 0.124600638978
0 0.549090909091 0.421725239617 0.0581818181818 0.115015974441
2 0.662727272727 0.345047923323 0.0527272727273 0.102236421725
2 0.910909090909 0.321086261981 0.0654545454545 0.124600638978
4 0.821818181818 0.405750798722 0.0618181818182 0.127795527157
1 0.704545454545 0.455271565495 0.0745454545455 0.124600638978
1 0.505454545455 0.346645367412 0.0436363636364 0.0862619808307
0 0.187272727273 0.32268370607 0.04 0.0702875399361
