4 0.161265432099 0.610869565217 0.0941358024691 0.134782608696
4 0.167438271605 0.508695652174 0.0570987654321 0.0913043478261
4 0.0902777777778 0.810869565217 0.168209876543 0.352173913043
4 0.229166666667 0.496739130435 0.0478395061728 0.0630434782609
4 0.25462962963 0.55652173913 0.0802469135802 0.108695652174
4 0.389660493827 0.486956521739 0.0447530864198 0.0782608695652
4 0.555555555556 0.526086956522 0.0493827160494 0.0826086956522
4 0.599537037037 0.564130434783 0.0570987654321 0.0934782608696
4 0.648148148148 0.596739130435 0.0617283950617 0.10652173913
4 0.720679012346 0.616304347826 0.0925925925926 0.132608695652
4 0.800154320988 0.788043478261 0.152777777778 0.245652173913
