2 0.287777777778 0.481355932203 0.06 0.122033898305
2 0.394444444444 0.484745762712 0.0511111111111 0.0949152542373
2 0.618888888889 0.513559322034 0.0511111111111 0.0983050847458
2 0.645555555556 0.447457627119 0.0422222222222 0.0677966101695
2 0.687777777778 0.483050847458 0.0422222222222 0.0847457627119
2 0.753333333333 0.484745762712 0.0488888888889 0.101694915254
2 0.861111111111 0.466101694915 0.0511111111111 0.11186440678
2 0.92 0.54406779661 0.0888888888889 0.138983050847
1 0.536666666667 0.481355932203 0.0422222222222 0.0881355932203
1 0.721111111111 0.461016949153 0.0333333333333 0.0813559322034
