0 0.149166666667 0.361982434128 0.0483333333333 0.0790464240903
0 0.455416666667 0.333751568381 0.0291666666667 0.0627352572146
0 0.50375 0.355081555834 0.0275 0.060225846926
0 0.520416666667 0.319949811794 0.0341666666667 0.0727728983689
0 0.557083333333 0.32747804266 0.0375 0.0677540777917
0 0.596666666667 0.337515683814 0.0416666666667 0.0828105395232
0 0.649166666667 0.284190715182 0.0433333333333 0.0915934755332
0 0.689583333333 0.295483061481 0.0458333333333 0.104140526976
0 0.731666666667 0.279171894605 0.0516666666667 0.101631116688
0 0.819166666667 0.284818067754 0.0466666666667 0.0752823086575
0 0.83375 0.33626097867 0.0725 0.110414052698
0 0.62625 0.335633626098 0.0275 0.0589711417817
3 0.427916666667 0.324341279799 0.0241666666667 0.0514429109159
3 0.381666666667 0.329360100376 0.0233333333333 0.0539523212045
