0 0.21 0.30023364486 0.0454545454545 0.0724299065421
0 0.392727272727 0.26285046729 0.0327272727273 0.0630841121495
0 0.539090909091 0.415887850467 0.0636363636364 0.0981308411215
0 0.600909090909 0.375 0.0563636363636 0.0911214953271
0 0.645454545455 0.382009345794 0.0472727272727 0.0817757009346
0 0.682727272727 0.336448598131 0.0490909090909 0.0794392523364
0 0.72 0.308411214953 0.04 0.0607476635514
0 0.764545454545 0.278037383178 0.0381818181818 0.0654205607477
0 0.723636363636 0.411214953271 0.0727272727273 0.102803738318
0 0.806363636364 0.376168224299 0.0563636363636 0.0934579439252
0 0.871818181818 0.357476635514 0.0563636363636 0.0794392523364
0 0.878181818182 0.289719626168 0.0654545454545 0.0747663551402
3 0.296363636364 0.266355140187 0.0472727272727 0.0747663551402
