1 0.0893617021277 0.30625 0.114893617021 0.1525
1 0.21170212766 0.38875 0.036170212766 0.0525
1 0.286170212766 0.3825 0.0617021276596 0.085
1 0.355319148936 0.3625 0.0510638297872 0.09
1 0.395744680851 0.35125 0.0468085106383 0.0875
1 0.442553191489 0.35875 0.0425531914894 0.0725
1 0.472340425532 0.38375 0.0382978723404 0.0625
1 0.508510638298 0.3575 0.0382978723404 0.055
1 0.539361702128 0.3875 0.0276595744681 0.05
1 0.562765957447 0.37125 0.0489361702128 0.0625
1 0.618085106383 0.3775 0.0489361702128 0.075
1 0.671276595745 0.3775 0.0489361702128 0.075
1 0.73829787234 0.39625 0.0468085106383 0.0675
1 0.814893617021 0.3925 0.0468085106383 0.075
1 0.879787234043 0.3925 0.0446808510638 0.075
1 0.943617021277 0.405 0.0446808510638 0.075
1 0.96914893617 0.37 0.0574468085106 0.085
1 0.367021276596 0.56 0.0659574468085 0.09
