1 0.180089485459 0.25244140625 0.0984340044743 0.1376953125
1 0.268456375839 0.27978515625 0.163310961969 0.1591796875
1 0.497203579418 0.26171875 0.101789709172 0.11328125
1 0.706375838926 0.25390625 0.101789709172 0.126953125
1 0.778523489933 0.24853515625 0.0604026845638 0.0810546875
1 0.908277404922 0.2265625 0.0917225950783 0.099609375
4 0.826621923937 0.2626953125 0.0425055928412 0.05078125
4 0.647091722595 0.25927734375 0.0391498881432 0.0517578125
4 0.579977628635 0.27783203125 0.0659955257271 0.0634765625
4 0.385906040268 0.3154296875 0.0357941834452 0.03515625
4 0.092841163311 0.2802734375 0.0782997762864 0.0859375
