0 0.136075949367 0.387323943662 0.0400843881857 0.0704225352113
0 0.560126582278 0.350704225352 0.035864978903 0.0647887323944
0 0.679324894515 0.369014084507 0.0379746835443 0.0619718309859
0 0.754219409283 0.345070422535 0.035864978903 0.0591549295775
1 0.205696202532 0.37323943662 0.0274261603376 0.0478873239437
1 0.271097046414 0.352112676056 0.0443037974684 0.0732394366197
1 0.333333333333 0.371830985915 0.0253164556962 0.0450704225352
1 0.395569620253 0.36338028169 0.0274261603376 0.0450704225352
1 0.438818565401 0.359154929577 0.0210970464135 0.0422535211268
1 0.490506329114 0.366197183099 0.0274261603376 0.0450704225352
1 0.535864978903 0.370422535211 0.0210970464135 0.0366197183099
1 0.95253164557 0.367605633803 0.0443037974684 0.0704225352113
1 0.0907172995781 0.380281690141 0.0210970464135 0.0394366197183
