3 0.164601769912 0.215073529412 0.0849557522124 0.209558823529
2 0.214159292035 0.136029411765 0.070796460177 0.191176470588
2 0.409734513274 0.159926470588 0.058407079646 0.180147058824
2 0.453982300885 0.1875 0.0371681415929 0.125
2 0.559292035398 0.150735294118 0.0672566371681 0.191176470588
2 0.733628318584 0.185661764706 0.0654867256637 0.194852941176
2 0.778761061947 0.167279411765 0.0318584070796 0.121323529412
2 0.838053097345 0.134191176471 0.0973451327434 0.261029411765
2 0.930088495575 0.183823529412 0.0513274336283 0.132352941176
3 0.687610619469 0.233455882353 0.0371681415929 0.113970588235
