2 0.156111111111 0.1825 0.0366666666667 0.0716666666667
4 0.227777777778 0.130833333333 0.0266666666667 0.055
4 0.253888888889 0.225833333333 0.0277777777778 0.0583333333333
4 0.278888888889 0.125833333333 0.0266666666667 0.0583333333333
4 0.342222222222 0.1475 0.0333333333333 0.055
4 0.399444444444 0.116666666667 0.0277777777778 0.0566666666667
4 0.426666666667 0.25 0.0288888888889 0.06
4 0.442777777778 0.3125 0.0322222222222 0.0716666666667
4 0.488888888889 0.149166666667 0.0288888888889 0.0516666666667
4 0.575555555556 0.155833333333 0.0244444444444 0.0583333333333
4 0.615 0.168333333333 0.0255555555556 0.0566666666667
4 0.647222222222 0.153333333333 0.0255555555556 0.0466666666667
4 0.681666666667 0.150833333333 0.0255555555556 0.0483333333333
4 0.576111111111 0.2275 0.03 0.065
4 0.526111111111 0.325 0.03 0.07
4 0.608888888889 0.2675 0.0311111111111 0.0583333333333
4 0.626666666667 0.3025 0.0266666666667 0.0616666666667
4 0.682777777778 0.2325 0.0344444444444 0.0616666666667
4 0.676111111111 0.341666666667 0.0366666666667 0.07
4 0.704444444444 0.3225 0.0333333333333 0.0716666666667
4 0.683888888889 0.485833333333 0.0388888888889 0.065
4 0.641111111111 0.539166666667 0.0377777777778 0.0683333333333
4 0.52 0.488333333333 0.0466666666667 0.0766666666667
4 0.795555555556 0.3075 0.0311111111111 0.055
4 0.788888888889 0.35 0.0355555555556 0.0633333333333
4 0.803888888889 0.2375 0.03 0.0683333333333
4 0.886666666667 0.305 0.0355555555556 0.0633333333333
4 0.985 0.268333333333 0.0255555555556 0.0666666666667
