2 0.10703125 0.551522248244 0.0484375 0.0866510538642
2 0.26953125 0.581967213115 0.0359375 0.0819672131148
2 0.346875 0.583138173302 0.03125 0.0655737704918
2 0.37578125 0.577283372365 0.0390625 0.0772833723653
2 0.44140625 0.574941451991 0.0328125 0.0679156908665
2 0.4734375 0.576112412178 0.040625 0.0749414519906
2 0.5484375 0.569086651054 0.034375 0.0608899297424
2 0.5765625 0.59718969555 0.0375 0.0749414519906
2 0.64296875 0.599531615925 0.0359375 0.0702576112412
2 0.6796875 0.604215456674 0.040625 0.0749414519906
2 0.7359375 0.599531615925 0.034375 0.0608899297424
2 0.775 0.586651053864 0.040625 0.0819672131148
4 0.75078125 0.906323185012 0.1078125 0.168618266979
