2 0.0476923076923 0.470997679814 0.04 0.0742459396752
2 0.101538461538 0.461716937355 0.0584615384615 0.120649651972
2 0.165384615385 0.421113689095 0.06 0.132250580046
2 0.254615384615 0.35150812065 0.0784615384615 0.169373549884
2 0.450769230769 0.381670533643 0.0769230769231 0.155452436195
2 0.577692307692 0.356148491879 0.0907692307692 0.211136890951
4 0.763846153846 0.308584686775 0.106153846154 0.218097447796
2 0.717692307692 0.365429234339 0.0353846153846 0.109048723898
2 0.526153846154 0.402552204176 0.04 0.0997679814385
2 0.956153846154 0.41879350348 0.0446153846154 0.0951276102088
