0 0.572727272727 0.543715846995 0.0836363636364 0.185792349727
1 0.174545454545 0.502732240437 0.04 0.0710382513661
4 0.365454545455 0.504098360656 0.0545454545455 0.106557377049
4 0.215454545455 0.49043715847 0.0272727272727 0.0573770491803
3 0.192727272727 0.580601092896 0.0545454545455 0.0956284153005
4 0.45 0.495901639344 0.0272727272727 0.0464480874317
4 0.477272727273 0.546448087432 0.0309090909091 0.0491803278689
4 0.513636363636 0.497267759563 0.0309090909091 0.0601092896175
3 0.62 0.474043715847 0.0218181818182 0.051912568306
4 0.631818181818 0.53825136612 0.0381818181818 0.0819672131148
4 0.699090909091 0.497267759563 0.0272727272727 0.0491803278689
4 0.709090909091 0.546448087432 0.0363636363636 0.0601092896175
1 0.725454545455 0.487704918033 0.0290909090909 0.051912568306
4 0.816363636364 0.52868852459 0.0290909090909 0.0573770491803
4 0.831818181818 0.487704918033 0.0309090909091 0.051912568306
1 0.916363636364 0.457650273224 0.0472727272727 0.0956284153005
4 0.4 0.494535519126 0.0218181818182 0.0491803278689
4 0.315454545455 0.476775956284 0.02 0.0464480874317
