2 0.078125 0.394117647059 0.115808823529 0.229411764706
0 0.0983455882353 0.232352941176 0.0790441176471 0.164705882353
0 0.243566176471 0.133823529412 0.0496323529412 0.102941176471
0 0.347426470588 0.0941176470588 0.0404411764706 0.0941176470588
0 0.401654411765 0.145588235294 0.0680147058824 0.15
3 0.271139705882 0.235294117647 0.0643382352941 0.158823529412
1 0.208639705882 0.426470588235 0.119485294118 0.282352941176
1 0.344669117647 0.294117647059 0.0900735294118 0.2
3 0.475183823529 0.260294117647 0.108455882353 0.261764705882
0 0.510110294118 0.126470588235 0.0569852941176 0.111764705882
3 0.561580882353 0.0911764705882 0.0496323529412 0.1
0 0.563419117647 0.225 0.0643382352941 0.155882352941
0 0.632352941176 0.280882352941 0.0882352941176 0.214705882353
1 0.631433823529 0.116176470588 0.0680147058824 0.138235294118
0 0.713235294118 0.0808823529412 0.0661764705882 0.120588235294
0 0.768382352941 0.197058823529 0.0698529411765 0.152941176471
0 0.907169117647 0.151470588235 0.0790441176471 0.167647058824
0 0.817095588235 0.360294117647 0.108455882353 0.232352941176
1 0.697610294118 0.223529411765 0.0680147058824 0.182352941176
1 0.971507352941 0.317647058824 0.0533088235294 0.217647058824
