0 0.658888888889 0.612040133779 0.0777777777778 0.160535117057
0 0.463333333333 0.603678929766 0.0333333333333 0.0702341137124
0 0.388888888889 0.515050167224 0.04 0.0735785953177
4 0.165555555556 0.715719063545 0.0466666666667 0.0735785953177
4 0.02 0.561872909699 0.04 0.0602006688963
4 0.0766666666667 0.0317725752508 0.0288888888889 0.0501672240803
4 0.331111111111 0.0869565217391 0.0222222222222 0.0468227424749
4 0.396666666667 0.183946488294 0.0288888888889 0.0468227424749
4 0.253333333333 0.1872909699 0.0266666666667 0.0401337792642
4 0.526666666667 0.346153846154 0.0266666666667 0.0501672240803
3 0.101111111111 0.441471571906 0.0288888888889 0.0602006688963
4 0.306666666667 0.157190635452 0.0222222222222 0.0401337792642
4 0.138888888889 0.0785953177258 0.0244444444444 0.0434782608696
