2 0.262 0.66966966967 0.024 0.048048048048
2 0.285 0.698198198198 0.026 0.0570570570571
2 0.32 0.714714714715 0.028 0.0600600600601
2 0.33 0.663663663664 0.024 0.048048048048
2 0.362 0.704204204204 0.024 0.0510510510511
2 0.39 0.657657657658 0.024 0.0540540540541
2 0.411 0.686186186186 0.026 0.0570570570571
2 0.439 0.672672672673 0.026 0.048048048048
2 0.471 0.690690690691 0.03 0.0540540540541
2 0.604 0.674174174174 0.028 0.0570570570571
2 0.634 0.68018018018 0.028 0.0570570570571
2 0.67 0.675675675676 0.028 0.0540540540541
2 0.722 0.683183183183 0.032 0.0570570570571
2 0.752 0.656156156156 0.028 0.0510510510511
2 0.774 0.698198198198 0.032 0.0570570570571
3 0.555 0.684684684685 0.026 0.0540540540541
3 0.548 0.63963963964 0.028 0.048048048048
3 0.504 0.681681681682 0.028 0.048048048048
