4 0.0673076923077 0.377403846154 0.0384615384615 0.0625
4 0.13141025641 0.228365384615 0.025641025641 0.0432692307692
1 0.0224358974359 0.586538461538 0.0448717948718 0.173076923077
1 0.136217948718 0.471153846154 0.0608974358974 0.105769230769
1 0.173076923077 0.367788461538 0.0384615384615 0.0625
1 0.576923076923 0.348557692308 0.0320512820513 0.0528846153846
1 0.610576923077 0.377403846154 0.0352564102564 0.0721153846154
1 0.639423076923 0.478365384615 0.0865384615385 0.120192307692
1 0.717948717949 0.574519230769 0.108974358974 0.158653846154
1 0.676282051282 0.348557692308 0.0320512820513 0.0625
1 0.727564102564 0.377403846154 0.0448717948718 0.0817307692308
1 0.798076923077 0.411057692308 0.0512820512821 0.0913461538462
1 0.850961538462 0.372596153846 0.0544871794872 0.0817307692308
1 0.915064102564 0.355769230769 0.0416666666667 0.0673076923077
1 0.972756410256 0.382211538462 0.0480769230769 0.0817307692308
1 0.947115384615 0.536057692308 0.0929487179487 0.168269230769
1 0.475961538462 0.46875 0.0673076923077 0.100961538462
1 0.485576923077 0.620192307692 0.0929487179487 0.182692307692
1 0.31891025641 0.451923076923 0.0801282051282 0.115384615385
1 0.38141025641 0.411057692308 0.0512820512821 0.0817307692308
1 0.269230769231 0.372596153846 0.0384615384615 0.0721153846154
1 0.309294871795 0.358173076923 0.0352564102564 0.0625
1 0.233974358974 0.569711538462 0.121794871795 0.177884615385
1 0.488782051282 0.329326923077 0.0416666666667 0.0625
