3 0.491666666667 0.190954773869 0.0766666666667 0.160804020101
3 0.536666666667 0.246231155779 0.0333333333333 0.120603015075
3 0.828333333333 0.281407035176 0.0433333333333 0.0904522613065
3 0.88 0.233668341709 0.0666666666667 0.105527638191
0 0.61 0.268844221106 0.0466666666667 0.0954773869347
0 0.381666666667 0.226130653266 0.0566666666667 0.120603015075
0 0.29 0.291457286432 0.0533333333333 0.0904522613065
0 0.281666666667 0.208542713568 0.0433333333333 0.0753768844221
0 0.228333333333 0.168341708543 0.05 0.0954773869347
0 0.228333333333 0.273869346734 0.0566666666667 0.105527638191
0 0.163333333333 0.246231155779 0.0666666666667 0.130653266332
0 0.161666666667 0.158291457286 0.0566666666667 0.0954773869347
0 0.0666666666667 0.165829145729 0.0733333333333 0.130653266332
