3 0.4425 0.26875 0.0883333333333 0.1875
2 0.118333333333 0.26625 0.0766666666667 0.1575
2 0.276666666667 0.2925 0.0433333333333 0.09
2 0.355833333333 0.31125 0.0383333333333 0.0775
2 0.499166666667 0.28875 0.0316666666667 0.0825
2 0.575 0.26375 0.0366666666667 0.0825
2 0.655 0.295 0.0266666666667 0.065
2 0.7375 0.27125 0.0316666666667 0.0675
2 0.761666666667 0.29625 0.04 0.0825
2 0.82 0.2875 0.05 0.09
2 0.984166666667 0.32375 0.0283333333333 0.1175
0 0.206666666667 0.33625 0.1 0.1625
0 0.055 0.26625 0.0633333333333 0.1125
0 0.524166666667 0.28 0.0283333333333 0.065
0 0.92 0.325 0.09 0.15
0 0.6825 0.2775 0.045 0.095
