0 0.043429844098 0.181666666667 0.086859688196 0.243333333333
0 0.188195991091 0.22 0.118040089087 0.22
0 0.0913140311804 0.275 0.0623608017817 0.156666666667
0 0.293986636971 0.245 0.11135857461 0.196666666667
0 0.391982182628 0.281666666667 0.0935412026726 0.183333333333
0 0.527839643653 0.316666666667 0.0935412026726 0.153333333333
0 0.601336302895 0.33 0.0890868596882 0.153333333333
2 0.688195991091 0.453333333333 0.0489977728285 0.0933333333333
2 0.763919821826 0.31 0.102449888641 0.166666666667
2 0.907572383073 0.42 0.0512249443207 0.12
