0 0.367919921875 0.370943952802 0.07373046875 0.144542772861
2 0.253173828125 0.343289085546 0.07275390625 0.133480825959
3 0.175048828125 0.752581120944 0.10400390625 0.177728613569
1 0.012939453125 0.450221238938 0.02490234375 0.120206489676
1 0.096923828125 0.703171091445 0.08251953125 0.143805309735
1 0.509033203125 0.341445427729 0.09619140625 0.172566371681
4 0.4560546875 0.346607669617 0.0400390625 0.0796460176991
4 0.555908203125 0.372787610619 0.05517578125 0.124631268437
4 0.6826171875 0.354719764012 0.0498046875 0.126843657817
4 0.7353515625 0.342182890855 0.080078125 0.143067846608
4 0.953369140625 0.550884955752 0.08642578125 0.160766961652
