4 0.100200400802 0.554812834225 0.0480961923848 0.072192513369
4 0.249498997996 0.536096256684 0.0380761523046 0.0614973262032
4 0.801603206413 0.58422459893 0.0561122244489 0.0828877005348
4 0.39378757515 0.533422459893 0.0501002004008 0.0775401069519
0 0.309619238477 0.558823529412 0.0501002004008 0.0748663101604
0 0.331663326653 0.524064171123 0.0380761523046 0.048128342246
0 0.456913827655 0.525401069519 0.0160320641283 0.0508021390374
0 0.478957915832 0.526737967914 0.0360721442886 0.0534759358289
0 0.534068136273 0.51871657754 0.0460921843687 0.0695187165775
0 0.602204408818 0.529411764706 0.0380761523046 0.0588235294118
0 0.655310621242 0.561497326203 0.0440881763527 0.0695187165775
0 0.748496993988 0.510695187166 0.0501002004008 0.0748663101604
