0 0.13671875 0.469555035129 0.0578125 0.100702576112
0 0.25625 0.467213114754 0.01875 0.0444964871194
0 0.2703125 0.470725995316 0.01875 0.0468384074941
0 0.2859375 0.464871194379 0.01875 0.0444964871194
0 0.3109375 0.461358313817 0.028125 0.056206088993
0 0.4015625 0.457845433255 0.021875 0.0538641686183
0 0.471875 0.46018735363 0.0375 0.0725995316159
0 0.603125 0.444964871194 0.03125 0.0749414519906
0 0.58046875 0.464871194379 0.0203125 0.0538641686183
0 0.4953125 0.466042154567 0.021875 0.056206088993
0 0.66875 0.459016393443 0.01875 0.0374707259953
0 0.70078125 0.450819672131 0.0390625 0.0866510538642
0 0.73671875 0.489461358314 0.0515625 0.0936768149883
0 0.80078125 0.473067915691 0.0484375 0.0936768149883
0 0.828125 0.454332552693 0.021875 0.0702576112412
0 0.90234375 0.444964871194 0.0265625 0.0702576112412
0 0.9390625 0.478922716628 0.025 0.0538641686183
0 0.9828125 0.466042154567 0.03125 0.0749414519906
3 0.8640625 0.476580796253 0.065625 0.110070257611
3 0.63125 0.467213114754 0.05 0.0866510538642
3 0.5515625 0.473067915691 0.04375 0.0749414519906
3 0.425 0.463700234192 0.0375 0.07962529274
3 0.36796875 0.454332552693 0.0296875 0.0608899297424
3 0.33828125 0.454332552693 0.0328125 0.0655737704918
