0 0.0901803607214 0.201807228916 0.0480961923848 0.102409638554
0 0.191382765531 0.146084337349 0.0541082164329 0.111445783133
0 0.292585170341 0.14156626506 0.0480961923848 0.102409638554
0 0.406813627255 0.106927710843 0.0521042084168 0.111445783133
0 0.522044088176 0.0948795180723 0.0420841683367 0.105421686747
0 0.660320641283 0.118975903614 0.0501002004008 0.105421686747
0 0.780561122244 0.143072289157 0.0501002004008 0.111445783133
0 0.913827655311 0.176204819277 0.0440881763527 0.0993975903614
0 0.350701402806 0.378012048193 0.0521042084168 0.117469879518
0 0.508016032064 0.362951807229 0.0501002004008 0.105421686747
0 0.668336673347 0.417168674699 0.0581162324649 0.117469879518
0 0.817635270541 0.381024096386 0.060120240481 0.129518072289
0 0.967935871743 0.454819277108 0.060120240481 0.126506024096
3 0.0761523046092 0.382530120482 0.0681362725451 0.120481927711
2 0.212424849699 0.362951807229 0.064128256513 0.111445783133
