0 0.129 0.456456456456 0.038 0.0660660660661
0 0.363 0.477477477477 0.022 0.0540540540541
0 0.435 0.475975975976 0.022 0.0510510510511
0 0.491 0.490990990991 0.026 0.0510510510511
0 0.521 0.490990990991 0.014 0.045045045045
0 0.534 0.466966966967 0.02 0.0510510510511
0 0.579 0.487987987988 0.022 0.0510510510511
0 0.61 0.46996996997 0.032 0.0630630630631
0 0.644 0.453453453453 0.024 0.0540540540541
0 0.687 0.484984984985 0.03 0.0630630630631
0 0.724 0.462462462462 0.04 0.0780780780781
0 0.794 0.445945945946 0.048 0.0930930930931
0 0.879 0.436936936937 0.058 0.117117117117
0 0.977 0.408408408408 0.042 0.126126126126
0 0.765 0.472972972973 0.026 0.0630630630631
