0 0.296666666667 0.185039370079 0.0533333333333 0.0971128608924
4 0.1875 0.528871391076 0.0516666666667 0.0866141732283
2 0.240833333333 0.248031496063 0.0383333333333 0.0813648293963
4 0.1575 0.276902887139 0.0516666666667 0.0866141732283
4 0.035 0.250656167979 0.0366666666667 0.0761154855643
4 0.0208333333333 0.291338582677 0.0383333333333 0.0734908136483
4 0.835 0.187664041995 0.0366666666667 0.0708661417323
4 0.810833333333 0.4343832021 0.0516666666667 0.0918635170604
4 0.61 0.425196850394 0.05 0.0892388451444
4 0.753333333333 0.639107611549 0.0533333333333 0.0918635170604
