0 0.240384615385 0.12109375 0.0615384615385 0.140625
0 0.340384615385 0.18359375 0.0461538461538 0.1328125
0 0.390384615385 0.201171875 0.0346153846154 0.08203125
0 0.748076923077 0.5 0.0230769230769 0.0625
0 0.804807692308 0.50390625 0.0173076923077 0.046875
0 0.835576923077 0.51953125 0.0173076923077 0.0546875
0 0.877884615385 0.46484375 0.0173076923077 0.046875
3 0.898076923077 0.435546875 0.0153846153846 0.04296875
3 0.919230769231 0.49609375 0.0192307692308 0.0546875
0 0.891346153846 0.513671875 0.0134615384615 0.05078125
0 0.675961538462 0.376953125 0.0365384615385 0.08984375
