0 0.307847082495 0.448787061995 0.0241448692153 0.0512129380054
0 0.328973843058 0.4474393531 0.0221327967807 0.0485175202156
0 0.351106639839 0.450134770889 0.0301810865191 0.0539083557951
0 0.412474849095 0.4474393531 0.0281690140845 0.0539083557951
0 0.446680080483 0.440700808625 0.0281690140845 0.0566037735849
0 0.536217303823 0.467654986523 0.0301810865191 0.0512129380054
0 0.612676056338 0.431266846361 0.0301810865191 0.0592991913747
0 0.688128772636 0.424528301887 0.0321931589537 0.0566037735849
4 0.741448692153 0.43935309973 0.0342052313883 0.0485175202156
4 0.804828973843 0.454177897574 0.0281690140845 0.0512129380054
4 0.841046277666 0.454177897574 0.0321931589537 0.0512129380054
4 0.894366197183 0.454177897574 0.0301810865191 0.0512129380054
4 0.262575452716 0.467654986523 0.0301810865191 0.0458221024259
4 0.236418511066 0.450134770889 0.0301810865191 0.0485175202156
4 0.201207243461 0.462264150943 0.0321931589537 0.0512129380054
4 0.177062374245 0.446091644205 0.0281690140845 0.0512129380054
4 0.140845070423 0.450134770889 0.0362173038229 0.0539083557951
4 0.102615694165 0.460916442049 0.0321931589537 0.0539083557951
4 0.0704225352113 0.483827493261 0.0321931589537 0.0566037735849
4 0.00603621730382 0.456873315364 0.0120724346076 0.0619946091644
0 0.593561368209 0.440700808625 0.0241448692153 0.0512129380054
