0 0.104310344828 0.232558139535 0.098275862069 0.186046511628
0 0.293103448276 0.149870801034 0.134482758621 0.279069767442
0 0.493103448276 0.18992248062 0.051724137931 0.173126614987
0 0.623275862069 0.202842377261 0.108620689655 0.245478036176
0 0.777586206897 0.108527131783 0.0724137931034 0.15503875969
0 0.822413793103 0.15503875969 0.0448275862069 0.113695090439
0 0.85 0.213178294574 0.051724137931 0.0852713178295
0 0.91724137931 0.197674418605 0.0896551724138 0.147286821705
1 0.0163793103448 0.233850129199 0.0327586206897 0.167958656331
1 0.168965517241 0.241602067183 0.0655172413793 0.188630490956
1 0.369827586207 0.220930232558 0.0431034482759 0.147286821705
1 0.536206896552 0.228682170543 0.0586206896552 0.147286821705
3 0.431034482759 0.182170542636 0.106896551724 0.240310077519
