0 0.2375 0.338526912181 0.0375 0.127478753541
0 0.279166666667 0.407932011331 0.0416666666667 0.14730878187
0 0.325 0.466005665722 0.04375 0.14447592068
0 0.346875 0.304532577904 0.0354166666667 0.14447592068
0 0.38125 0.390934844193 0.04375 0.14730878187
0 0.430729166667 0.325779036827 0.0322916666667 0.118980169972
0 0.433333333333 0.484419263456 0.0416666666667 0.158640226629
0 0.474479166667 0.373937677054 0.0385416666667 0.152974504249
0 0.523958333333 0.491501416431 0.0416666666667 0.155807365439
0 0.559375 0.382436260623 0.0354166666667 0.14164305949
0 0.585416666667 0.325779036827 0.0291666666667 0.118980169972
2 0.633854166667 0.43059490085 0.0427083333333 0.158640226629
2 0.174479166667 0.372521246459 0.0427083333333 0.155807365439
2 0.2171875 0.492917847025 0.0385416666667 0.169971671388
2 0.1265625 0.478753541076 0.0447916666667 0.152974504249
2 0.0682291666667 0.417847025496 0.0427083333333 0.161473087819
