4 0.331111111111 0.614173228346 0.04 0.0787401574803
1 0.0588888888889 0.572834645669 0.0422222222222 0.0826771653543
1 0.104444444444 0.192913385827 0.0355555555556 0.0629921259843
1 0.441111111111 0.0728346456693 0.0333333333333 0.0669291338583
1 0.423333333333 0.253937007874 0.0333333333333 0.0669291338583
1 0.96 0.147637795276 0.0355555555556 0.0748031496063
0 0.864444444444 0.0610236220472 0.0311111111111 0.0590551181102
0 0.721111111111 0.0511811023622 0.0377777777778 0.0708661417323
0 0.837777777778 0.572834645669 0.0311111111111 0.0826771653543
1 0.682222222222 0.842519685039 0.04 0.0787401574803
0 0.16 0.0944881889764 0.0266666666667 0.0629921259843
1 0.917777777778 0.153543307087 0.0266666666667 0.0629921259843
