2 0.394166666667 0.444029850746 0.0483333333333 0.0771144278607
2 0.515 0.407960199005 0.0433333333333 0.089552238806
2 0.570833333333 0.401741293532 0.0283333333333 0.0771144278607
2 0.5975 0.419154228856 0.0416666666667 0.0870646766169
2 0.651666666667 0.46144278607 0.0666666666667 0.121890547264
2 0.72 0.394278606965 0.0266666666667 0.0621890547264
2 0.8225 0.481343283582 0.0216666666667 0.0373134328358
4 0.304166666667 0.42039800995 0.025 0.0398009950249
4 0.173333333333 0.386815920398 0.0566666666667 0.106965174129
2 0.5525 0.429104477612 0.0183333333333 0.0572139303483
4 0.9875 0.421641791045 0.0216666666667 0.0621890547264
