2 0.0161713286713 0.585081585082 0.0323426573427 0.0979020979021
2 0.0625 0.55710955711 0.0428321678322 0.0699300699301
2 0.141608391608 0.584498834499 0.0576923076923 0.101398601399
2 0.180506993007 0.595571095571 0.0288461538462 0.044289044289
2 0.278846153846 0.579254079254 0.0646853146853 0.0932400932401
2 0.326486013986 0.583916083916 0.0323426573427 0.0582750582751
2 0.457167832168 0.57634032634 0.0611888111888 0.108391608392
2 0.54763986014 0.597319347319 0.0340909090909 0.0547785547786
2 0.601835664336 0.617132867133 0.0358391608392 0.0594405594406
2 0.65472027972 0.600815850816 0.0664335664336 0.108391608392
2 0.710664335664 0.596736596737 0.048951048951 0.0862470862471
2 0.756555944056 0.607808857809 0.0358391608392 0.0547785547786
2 0.761363636364 0.560023310023 0.0262237762238 0.0384615384615
2 0.815122377622 0.575174825175 0.0253496503497 0.0431235431235
2 0.843094405594 0.603146853147 0.0515734265734 0.0804195804196
2 0.90777972028 0.571095571096 0.0323426573427 0.04662004662
1 0.831293706294 0.520979020979 0.0227272727273 0.030303030303
