2 0.244615384615 0.287037037037 0.0646153846154 0.115740740741
2 0.0546153846154 0.349537037037 0.0569230769231 0.0972222222222
2 0.0138461538462 0.325231481481 0.0276923076923 0.104166666667
2 0.591538461538 0.552083333333 0.0630769230769 0.104166666667
2 0.693846153846 0.505787037037 0.0584615384615 0.099537037037
1 0.113076923077 0.314814814815 0.0569230769231 0.106481481481
1 0.155384615385 0.334490740741 0.0338461538462 0.0949074074074
1 0.896153846154 0.273148148148 0.0507692307692 0.106481481481
0 0.343846153846 0.324074074074 0.0569230769231 0.101851851852
4 0.667692307692 0.556712962963 0.0430769230769 0.0810185185185
