2 0.069298245614 0.247272727273 0.0508771929825 0.123636363636
2 0.127192982456 0.298181818182 0.0508771929825 0.123636363636
2 0.202631578947 0.278181818182 0.0543859649123 0.134545454545
2 0.276315789474 0.312727272727 0.0508771929825 0.138181818182
2 0.335087719298 0.265454545455 0.0421052631579 0.145454545455
2 0.382456140351 0.245454545455 0.0561403508772 0.149090909091
2 0.468421052632 0.258181818182 0.0631578947368 0.152727272727
2 0.592105263158 0.294545454545 0.0649122807018 0.16
2 0.708771929825 0.310909090909 0.0701754385965 0.185454545455
2 0.859649122807 0.249090909091 0.0947368421053 0.236363636364
