2 0.713050314465 0.790794979079 0.174528301887 0.255230125523
2 0.727201257862 0.247907949791 0.0927672955975 0.15690376569
2 0.563679245283 0.30230125523 0.0487421383648 0.081589958159
2 0.525157232704 0.330543933054 0.0440251572327 0.0878661087866
2 0.492924528302 0.290794979079 0.0330188679245 0.0585774058577
2 0.440251572327 0.299163179916 0.0440251572327 0.0753138075314
2 0.411949685535 0.339958158996 0.0534591194969 0.0857740585774
2 0.310534591195 0.271966527197 0.061320754717 0.10460251046
2 0.341194968553 0.253138075314 0.0440251572327 0.10460251046
2 0.286949685535 0.350418410042 0.0801886792453 0.123430962343
2 0.199685534591 0.313807531381 0.0974842767296 0.175732217573
2 0.23034591195 0.549163179916 0.187106918239 0.274058577406
2 0.0715408805031 0.353556485356 0.133647798742 0.234309623431
