2 0.036 0.325825825826 0.068 0.201201201201
2 0.133 0.22972972973 0.074 0.159159159159
4 0.091 0.288288288288 0.078 0.15015015015
2 0.203 0.223723723724 0.07 0.153153153153
2 0.32 0.253753753754 0.068 0.123123123123
2 0.418 0.21021021021 0.052 0.114114114114
2 0.511 0.204204204204 0.05 0.12012012012
2 0.83 0.226726726727 0.072 0.129129129129
2 0.876 0.148648648649 0.06 0.153153153153
2 0.898 0.258258258258 0.052 0.144144144144
2 0.94 0.135135135135 0.072 0.18018018018
1 0.461 0.280780780781 0.058 0.135135135135
1 0.554 0.253753753754 0.064 0.123123123123
4 0.65 0.286786786787 0.044 0.0870870870871
4 0.766 0.265765765766 0.056 0.0990990990991
