2 0.1125 0.446022727273 0.05 0.0795454545455
2 0.323958333333 0.430397727273 0.0604166666667 0.0994318181818
2 0.38125 0.397727272727 0.0541666666667 0.0852272727273
2 0.439583333333 0.450284090909 0.0375 0.0710227272727
2 0.55625 0.419034090909 0.0458333333333 0.09375
2 0.596875 0.438920454545 0.04375 0.0710227272727
2 0.758333333333 0.482954545455 0.025 0.0454545454545
2 0.828125 0.440340909091 0.0479166666667 0.0795454545455
3 0.510416666667 0.420454545455 0.0583333333333 0.0852272727273
3 0.707291666667 0.487215909091 0.0354166666667 0.0596590909091
3 0.8 0.448863636364 0.025 0.0625
