2 0.045652173913 0.416827852998 0.036231884058 0.0560928433269
2 0.136956521739 0.390715667311 0.0449275362319 0.0618955512573
2 0.271014492754 0.422630560928 0.031884057971 0.0522243713733
2 0.346376811594 0.412959381044 0.0289855072464 0.0483558994197
2 0.380434782609 0.430367504836 0.0275362318841 0.0483558994197
2 0.444927536232 0.392649903288 0.0608695652174 0.123791102515
2 0.488405797101 0.413926499033 0.0231884057971 0.0464216634429
2 0.513043478261 0.409090909091 0.0260869565217 0.0406189555126
2 0.565217391304 0.416827852998 0.0289855072464 0.0406189555126
2 0.619565217391 0.42166344294 0.0217391304348 0.0386847195358
2 0.642028985507 0.422630560928 0.0231884057971 0.0406189555126
2 0.859420289855 0.409090909091 0.0260869565217 0.0406189555126
2 0.921014492754 0.411025145068 0.0246376811594 0.0444874274662
2 0.960144927536 0.422630560928 0.0275362318841 0.0406189555126
2 0.984782608696 0.425531914894 0.0246376811594 0.0386847195358
3 0.292028985507 0.419729206963 0.0188405797101 0.0348162475822
3 0.711594202899 0.417794970986 0.0231884057971 0.0386847195358
