2 0.14 0.373464373464 0.0766666666667 0.157248157248
2 0.41 0.389434889435 0.06 0.115479115479
2 0.356666666667 0.425061425061 0.0366666666667 0.0638820638821
2 0.305 0.420147420147 0.02 0.044226044226
3 0.189166666667 0.412776412776 0.0316666666667 0.0933660933661
3 0.255 0.436117936118 0.0733333333333 0.135135135135
3 0.531666666667 0.415233415233 0.0466666666667 0.0982800982801
3 0.586666666667 0.41769041769 0.0666666666667 0.137592137592
3 0.689166666667 0.41769041769 0.0583333333333 0.113022113022
3 0.745833333333 0.409090909091 0.0616666666667 0.110565110565
