2 0.111007462687 0.372893258427 0.0373134328358 0.0744382022472
3 0.144589552239 0.352528089888 0.0503731343284 0.0983146067416
3 0.299906716418 0.310393258427 0.0755597014925 0.162921348315
3 0.361473880597 0.40941011236 0.053171641791 0.11095505618
3 0.454291044776 0.393258426966 0.0466417910448 0.0870786516854
3 0.556436567164 0.327247191011 0.0755597014925 0.162921348315
3 0.65625 0.41643258427 0.0345149253731 0.0688202247191
3 0.96875 0.381320224719 0.0457089552239 0.11095505618
3 0.984608208955 0.292134831461 0.0289179104478 0.202247191011
0 0.776119402985 0.354634831461 0.0839552238806 0.164325842697
