1 0.132 0.464 0.072 0.117333333333
1 0.218 0.481333333333 0.044 0.072
1 0.281 0.494666666667 0.054 0.104
1 0.366 0.496 0.048 0.0853333333333
1 0.453 0.473333333333 0.058 0.109333333333
1 0.515 0.506666666667 0.034 0.0586666666667
1 0.552 0.501333333333 0.028 0.0426666666667
1 0.557 0.462666666667 0.026 0.0346666666667
1 0.62 0.506666666667 0.04 0.064
1 0.689 0.502666666667 0.03 0.0453333333333
4 0.657 0.481333333333 0.026 0.04
4 0.843 0.484 0.03 0.0453333333333
4 0.774 0.506666666667 0.02 0.0266666666667
4 0.741 0.490666666667 0.018 0.0213333333333
