4 0.0633333333333 0.32125 0.0266666666667 0.0575
4 0.176666666667 0.34 0.04 0.075
4 0.396666666667 0.34625 0.0266666666667 0.0525
4 0.419166666667 0.32375 0.0316666666667 0.0675
4 0.569166666667 0.34875 0.035 0.0675
4 0.688333333333 0.36625 0.0333333333333 0.0675
4 0.710833333333 0.375 0.0183333333333 0.035
4 0.7575 0.38625 0.025 0.0475
4 0.881666666667 0.37125 0.0366666666667 0.0625
4 0.9175 0.3975 0.0316666666667 0.055
2 0.851666666667 0.39875 0.0166666666667 0.0325
3 0.3075 0.3175 0.0383333333333 0.075
3 0.463333333333 0.3475 0.0266666666667 0.05
3 0.546666666667 0.3625 0.02 0.05
