4 0.01 0.546546546547 0.02 0.0900900900901
4 0.118 0.516516516517 0.044 0.0840840840841
4 0.253 0.518018018018 0.038 0.0810810810811
4 0.45 0.51951951952 0.032 0.0660660660661
4 0.688 0.528528528529 0.044 0.0720720720721
4 0.787 0.486486486486 0.046 0.0840840840841
4 0.908 0.486486486486 0.036 0.0720720720721
4 0.962 0.486486486486 0.048 0.0900900900901
1 0.409 0.504504504505 0.046 0.0900900900901
1 0.513 0.51951951952 0.042 0.0840840840841
1 0.613 0.513513513514 0.046 0.0960960960961
1 0.747 0.5 0.038 0.0690690690691
