2 0.0680894308943 0.452 0.0548780487805 0.088
2 0.106707317073 0.454666666667 0.0264227642276 0.0613333333333
2 0.142276422764 0.449333333333 0.0528455284553 0.104
2 0.197154471545 0.453333333333 0.0406504065041 0.0853333333333
2 0.297764227642 0.446666666667 0.0589430894309 0.0933333333333
2 0.35162601626 0.469333333333 0.0325203252033 0.0533333333333
2 0.401422764228 0.445333333333 0.0508130081301 0.0906666666667
2 0.44918699187 0.432 0.0406504065041 0.0853333333333
2 0.52337398374 0.438666666667 0.0426829268293 0.0773333333333
2 0.581300813008 0.425333333333 0.0691056910569 0.0986666666667
2 0.696138211382 0.417333333333 0.0467479674797 0.0773333333333
2 0.771341463415 0.432 0.0467479674797 0.0693333333333
2 0.832317073171 0.437333333333 0.0467479674797 0.0746666666667
2 0.922764227642 0.429333333333 0.0487804878049 0.0746666666667
