4 0.410625 0.455909943715 0.03125 0.0712945590994
4 0.571875 0.461538461538 0.03125 0.0675422138837
4 0.65375 0.475609756098 0.0325 0.06191369606
4 0.77625 0.484052532833 0.0275 0.0600375234522
2 0.346875 0.447467166979 0.02375 0.0431519699812
1 0.2525 0.462476547842 0.02 0.046904315197
1 0.2675 0.457786116323 0.015 0.0300187617261
1 0.208125 0.46435272045 0.01375 0.0281425891182
2 0.170625 0.454971857411 0.01625 0.0356472795497
2 0.071875 0.460600375235 0.01625 0.031894934334
1 0.105625 0.461538461538 0.01625 0.0300187617261
