3 0.258333333333 0.273299748111 0.06 0.123425692695
3 0.215 0.311083123426 0.0333333333333 0.0680100755668
3 0.341666666667 0.321158690176 0.05 0.103274559194
3 0.445 0.318639798489 0.04 0.0931989924433
3 0.480833333333 0.290931989924 0.0483333333333 0.108312342569
3 0.64 0.351385390428 0.05 0.088161209068
3 0.6725 0.35516372796 0.0283333333333 0.0755667506297
3 0.713333333333 0.352644836272 0.05 0.105793450882
3 0.755 0.360201511335 0.03 0.0856423173804
3 0.805 0.336272040302 0.07 0.128463476071
3 0.990833333333 0.343828715365 0.015 0.0730478589421
