3 0.147413793103 0.456422018349 0.0741379310345 0.123853211009
3 0.216379310345 0.41628440367 0.05 0.0802752293578
4 0.381896551724 0.417431192661 0.0431034482759 0.0688073394495
4 0.41724137931 0.405963302752 0.0344827586207 0.0688073394495
4 0.504310344828 0.45871559633 0.0431034482759 0.0688073394495
4 0.506896551724 0.404816513761 0.0413793103448 0.0619266055046
4 0.603448275862 0.418577981651 0.0379310344828 0.0573394495413
4 0.651724137931 0.401376146789 0.0310344827586 0.0550458715596
4 0.711206896552 0.446100917431 0.0362068965517 0.0573394495413
1 0.772413793103 0.415137614679 0.0344827586207 0.0596330275229
4 0.860344827586 0.439220183486 0.0310344827586 0.052752293578
0 0.294827586207 0.397935779817 0.051724137931 0.0894495412844
0 0.329310344828 0.408256880734 0.0310344827586 0.0779816513761
