4 0.12375 0.302364864865 0.0525 0.0912162162162
4 0.249375 0.345439189189 0.06375 0.103040540541
4 0.333125 0.271959459459 0.03875 0.0608108108108
4 0.3625 0.298141891892 0.045 0.0760135135135
4 0.44625 0.280405405405 0.03 0.0810810810811
4 0.480625 0.305743243243 0.05875 0.118243243243
4 0.6325 0.3125 0.06 0.10472972973
4 0.673125 0.260135135135 0.02625 0.0608108108108
4 0.6825 0.22972972973 0.025 0.0439189189189
4 0.78375 0.222972972973 0.025 0.0472972972973
4 0.75875 0.271114864865 0.0275 0.0523648648649
4 0.87625 0.280405405405 0.0625 0.108108108108
