2 0.115625 0.520637898687 0.01375 0.0431519699812
2 0.180625 0.519699812383 0.02125 0.0450281425891
2 0.19625 0.529080675422 0.0175 0.0375234521576
2 0.236875 0.529080675422 0.01875 0.0375234521576
2 0.268125 0.510318949343 0.02625 0.0487804878049
2 0.30125 0.514071294559 0.025 0.0525328330206
2 0.325 0.50469043152 0.0225 0.0450281425891
2 0.414375 0.517823639775 0.02125 0.0450281425891
2 0.49875 0.498123827392 0.0225 0.0431519699812
2 0.54375 0.511257035647 0.0275 0.0544090056285
2 0.571875 0.501876172608 0.02125 0.0393996247655
2 0.623125 0.522514071295 0.02625 0.0506566604128
2 0.653125 0.506566604128 0.01875 0.0375234521576
2 0.67375 0.510318949343 0.0225 0.0450281425891
2 0.754375 0.510318949343 0.02375 0.0450281425891
3 0.215625 0.523452157598 0.02625 0.0562851782364
3 0.358125 0.512195121951 0.02625 0.0562851782364
3 0.45 0.49530956848 0.0325 0.0562851782364
3 0.479375 0.499061913696 0.02375 0.0487804878049
