4 0.0931818181818 0.299191374663 0.0378787878788 0.0862533692722
4 0.175757575758 0.314016172507 0.069696969697 0.142857142857
4 0.229545454545 0.312668463612 0.0409090909091 0.0808625336927
4 0.285606060606 0.324797843666 0.0439393939394 0.0943396226415
4 0.309848484848 0.296495956873 0.0166666666667 0.0431266846361
4 0.327272727273 0.296495956873 0.0181818181818 0.0431266846361
4 0.360606060606 0.318059299191 0.0212121212121 0.0592991913747
4 0.408333333333 0.351752021563 0.0378787878788 0.0727762803235
4 0.437878787879 0.320754716981 0.030303030303 0.0700808625337
4 0.458333333333 0.319407008086 0.0227272727273 0.0619946091644
4 0.525757575758 0.327493261456 0.0333333333333 0.0727762803235
4 0.582575757576 0.323450134771 0.0257575757576 0.0646900269542
4 0.630303030303 0.304582210243 0.0212121212121 0.0539083557951
