3 0.0606488011283 0.330097087379 0.0423131170663 0.0922330097087
3 0.0916784203103 0.33859223301 0.0282087447109 0.0946601941748
3 0.127644569817 0.368932038835 0.0465444287729 0.121359223301
3 0.29125528914 0.339805825243 0.0437235543018 0.116504854369
3 0.323695345557 0.358009708738 0.0267983074753 0.0703883495146
3 0.413258110014 0.343446601942 0.0451339915374 0.114077669903
3 0.468970380818 0.328883495146 0.0437235543018 0.104368932039
3 0.514104372355 0.321601941748 0.0183356840621 0.0461165048544
3 0.566290550071 0.291262135922 0.0465444287729 0.131067961165
3 0.608603667137 0.342233009709 0.0380818053597 0.0728155339806
3 0.650211565585 0.356796116505 0.033850493653 0.101941747573
3 0.692524682652 0.349514563107 0.0507757404795 0.131067961165
3 0.754583921016 0.348300970874 0.033850493653 0.0800970873786
3 0.807475317348 0.325242718447 0.0465444287729 0.126213592233
3 0.885754583921 0.321601941748 0.0902679830748 0.220873786408
2 0.217207334274 0.336165048544 0.0394922425952 0.0849514563107
3 0.380818053597 0.339805825243 0.0310296191819 0.0825242718447
3 0.985895627645 0.347087378641 0.0253878702398 0.0631067961165
4 0.957686882934 0.347087378641 0.0394922425952 0.0873786407767
