4 0.1025 0.45 0.0883333333333 0.159459459459
4 0.160833333333 0.551351351351 0.115 0.189189189189
2 0.1975 0.374324324324 0.0583333333333 0.143243243243
4 0.254166666667 0.366216216216 0.0516666666667 0.116216216216
4 0.3075 0.425675675676 0.0683333333333 0.137837837838
4 0.366666666667 0.305405405405 0.0266666666667 0.0648648648649
4 0.394166666667 0.383783783784 0.0516666666667 0.113513513514
4 0.4325 0.32972972973 0.0316666666667 0.0702702702703
4 0.491666666667 0.408108108108 0.0633333333333 0.145945945946
4 0.533333333333 0.402702702703 0.04 0.118918918919
4 0.598333333333 0.354054054054 0.0333333333333 0.102702702703
4 0.630833333333 0.381081081081 0.045 0.102702702703
4 0.704166666667 0.382432432432 0.065 0.0945945945946
4 0.708333333333 0.517567567568 0.106666666667 0.186486486486
4 0.765833333333 0.410810810811 0.055 0.102702702703
4 0.860833333333 0.335135135135 0.0283333333333 0.0540540540541
4 0.925 0.472972972973 0.1 0.172972972973
1 0.3925 0.302702702703 0.0283333333333 0.0540540540541
