3 0.18359375 0.435365853659 0.0442708333333 0.10487804878
3 0.285807291667 0.393902439024 0.03515625 0.080487804878
3 0.3671875 0.385365853659 0.0442708333333 0.107317073171
3 0.463541666667 0.413414634146 0.0364583333333 0.080487804878
3 0.544270833333 0.408536585366 0.0338541666667 0.080487804878
3 0.643880208333 0.392682926829 0.0299479166667 0.0731707317073
3 0.677734375 0.396341463415 0.0481770833333 0.0951219512195
3 0.7265625 0.40243902439 0.0338541666667 0.0731707317073
3 0.850911458333 0.408536585366 0.0403645833333 0.080487804878
3 0.939453125 0.4 0.02734375 0.0536585365854
