1 0.0433823529412 0.258823529412 0.0191176470588 0.0392156862745
1 0.109558823529 0.250980392157 0.0220588235294 0.0313725490196
0 0.199264705882 0.286274509804 0.0191176470588 0.0352941176471
0 0.25 0.285294117647 0.0205882352941 0.0333333333333
0 0.328676470588 0.419607843137 0.0691176470588 0.125490196078
0 0.553676470588 0.541176470588 0.0308823529412 0.0588235294118
0 0.736029411765 0.390196078431 0.0514705882353 0.0862745098039
0 0.816176470588 0.376470588235 0.0441176470588 0.0862745098039
3 0.623529411765 0.386274509804 0.0588235294118 0.0980392156863
3 0.158088235294 0.373529411765 0.075 0.135294117647
