3 0.075 0.455992509363 0.0525 0.0842696629213
3 0.135 0.444756554307 0.035 0.065543071161
3 0.17 0.39606741573 0.065 0.110486891386
3 0.406875 0.355805243446 0.06375 0.119850187266
3 0.46625 0.447565543071 0.0425 0.0898876404494
3 0.603125 0.444756554307 0.04375 0.0767790262172
1 0.690625 0.445692883895 0.02125 0.0711610486891
1 0.713125 0.456928838951 0.04375 0.0674157303371
3 0.790625 0.404494382022 0.04625 0.0861423220974
1 0.919375 0.414794007491 0.03625 0.0730337078652
1 0.964375 0.439138576779 0.04125 0.065543071161
1 0.28125 0.548689138577 0.0175 0.0374531835206
