4 0.163793103448 0.30316091954 0.0379310344828 0.0948275862069
2 0.205172413793 0.294540229885 0.0448275862069 0.0948275862069
2 0.256034482759 0.291666666667 0.0431034482759 0.0948275862069
2 0.312931034483 0.32183908046 0.0396551724138 0.0862068965517
2 0.361206896552 0.318965517241 0.0396551724138 0.0862068965517
2 0.400862068966 0.304597701149 0.0431034482759 0.0919540229885
2 0.443103448276 0.307471264368 0.0448275862069 0.0977011494253
2 0.512931034483 0.298850574713 0.0465517241379 0.103448275862
2 0.556034482759 0.290229885057 0.0431034482759 0.0919540229885
2 0.619827586207 0.329022988506 0.0396551724138 0.0775862068966
2 0.654310344828 0.275862068966 0.0396551724138 0.0977011494253
2 0.704310344828 0.323275862069 0.0396551724138 0.0890804597701
2 0.751724137931 0.329022988506 0.0413793103448 0.10632183908
2 0.80775862069 0.33908045977 0.0396551724138 0.0919540229885
2 0.848275862069 0.317528735632 0.0413793103448 0.0948275862069
