4 0.127927927928 0.416666666667 0.036036036036 0.0666666666667
4 0.165765765766 0.402777777778 0.0432432432432 0.0833333333333
4 0.204504504505 0.405555555556 0.0234234234234 0.0388888888889
4 0.253153153153 0.405555555556 0.027027027027 0.05
4 0.318018018018 0.408333333333 0.0198198198198 0.0333333333333
4 0.344144144144 0.423611111111 0.0252252252252 0.0527777777778
4 0.386486486486 0.405555555556 0.0198198198198 0.0333333333333
4 0.421621621622 0.4 0.0216216216216 0.05
4 0.479279279279 0.394444444444 0.0216216216216 0.0444444444444
4 0.506306306306 0.4125 0.0216216216216 0.0416666666667
4 0.521621621622 0.4125 0.0162162162162 0.0361111111111
4 0.574774774775 0.406944444444 0.0252252252252 0.0472222222222
4 0.617117117117 0.422222222222 0.0198198198198 0.0333333333333
4 0.672972972973 0.406944444444 0.0234234234234 0.0472222222222
4 0.688288288288 0.395833333333 0.018018018018 0.0416666666667
4 0.743243243243 0.397222222222 0.0486486486486 0.0777777777778
4 0.784684684685 0.406944444444 0.0342342342342 0.0583333333333
