4 0.11 0.516627078385 0.02 0.0403800475059
3 0.14 0.495249406176 0.024 0.0546318289786
4 0.158666666667 0.504750593824 0.0186666666667 0.0403800475059
4 0.178 0.514251781473 0.028 0.0593824228029
3 0.2 0.479809976247 0.024 0.0522565320665
4 0.285333333333 0.470308788599 0.0133333333333 0.0285035629454
4 0.302666666667 0.465558194774 0.0133333333333 0.0285035629454
3 0.295333333333 0.486935866983 0.0173333333333 0.0380047505938
4 0.32 0.504750593824 0.024 0.0546318289786
4 0.348 0.489311163895 0.016 0.0285035629454
4 0.366 0.46674584323 0.0146666666667 0.0308788598575
4 0.405333333333 0.479809976247 0.016 0.0332541567696
4 0.444 0.486935866983 0.0133333333333 0.0332541567696
3 0.426 0.49406175772 0.0253333333333 0.0522565320665
3 0.459333333333 0.498812351544 0.02 0.0522565320665
4 0.498 0.485748218527 0.0333333333333 0.0736342042755
4 0.522 0.485748218527 0.0146666666667 0.0403800475059
4 0.537333333333 0.486935866983 0.0186666666667 0.0380047505938
4 0.589333333333 0.489311163895 0.0186666666667 0.0380047505938
4 0.614 0.483372921615 0.02 0.0451306413302
2 0.639333333333 0.485748218527 0.0146666666667 0.0308788598575
4 0.661333333333 0.501187648456 0.0133333333333 0.0285035629454
3 0.754 0.497624703088 0.0253333333333 0.0498812351544
3 0.784 0.508313539192 0.0266666666667 0.0570071258907
4 0.766 0.538004750594 0.0306666666667 0.0546318289786
4 0.94 0.489311163895 0.016 0.0332541567696
