1 0.351891891892 0.284201954397 0.0724324324324 0.135179153094
1 0.490810810811 0.254885993485 0.0627027027027 0.131921824104
1 0.548108108108 0.306188925081 0.0432432432432 0.0814332247557
1 0.644324324324 0.345276872964 0.0497297297297 0.107491856678
1 0.698918918919 0.327361563518 0.0378378378378 0.0749185667752
1 0.786486486486 0.32328990228 0.0378378378378 0.0765472312704
1 0.832432432432 0.340390879479 0.0475675675676 0.0879478827362
4 0.877837837838 0.359120521173 0.0151351351351 0.0276872964169
4 0.906486486486 0.35993485342 0.00972972972973 0.0228013029316
4 0.916756756757 0.364006514658 0.012972972973 0.0244299674267
4 0.947567567568 0.362377850163 0.0162162162162 0.0276872964169
