3 0.0794117647059 0.390894819466 0.0364705882353 0.0565149136578
3 0.124117647059 0.374411302983 0.0129411764706 0.0235478806907
3 0.208823529412 0.397174254317 0.0152941176471 0.021978021978
4 0.256470588235 0.379905808477 0.0282352941176 0.043956043956
4 0.318823529412 0.391679748823 0.0211764705882 0.0361067503925
4 0.362941176471 0.396389324961 0.02 0.032967032967
4 0.403529411765 0.394034536892 0.0188235294118 0.0313971742543
3 0.418823529412 0.394034536892 0.0188235294118 0.0313971742543
3 0.462941176471 0.401883830455 0.0176470588235 0.0313971742543
3 0.516470588235 0.397959183673 0.0211764705882 0.032967032967
3 0.551764705882 0.40737833595 0.0188235294118 0.032967032967
4 0.578823529412 0.39874411303 0.0164705882353 0.0282574568289
4 0.618823529412 0.395604395604 0.0164705882353 0.0313971742543
