4 0.0862068965517 0.164383561644 0.0162271805274 0.0304414003044
4 0.1369168357 0.20395738204 0.0446247464503 0.0882800608828
4 0.192697768763 0.197108066971 0.0872210953347 0.159817351598
3 0.238843813387 0.162100456621 0.0638945233266 0.138508371385
3 0.373732251521 0.18797564688 0.053752535497 0.117199391172
3 0.621196754564 0.15296803653 0.078093306288 0.17199391172
0 0.0471602434077 0.262557077626 0.0943204868154 0.248097412481
0 0.32860040568 0.328767123288 0.121703853955 0.188736681887
0 0.433569979716 0.145357686454 0.080121703854 0.187214611872
0 0.48630831643 0.158295281583 0.0496957403651 0.176560121766
0 0.563894523327 0.194063926941 0.052738336714 0.0958904109589
4 0.664807302231 0.166666666667 0.0152129817444 0.0319634703196
4 0.704868154158 0.143835616438 0.0628803245436 0.120243531202
4 0.741886409736 0.143835616438 0.0233265720081 0.0806697108067
4 0.829107505071 0.160578386606 0.0618661257606 0.117199391172
4 0.881845841785 0.142313546423 0.0395537525355 0.0715372907154
4 0.889959432049 0.220700152207 0.0354969574037 0.0639269406393
4 0.975152129817 0.15601217656 0.0415821501014 0.0776255707763
