1 0.08625 0.331144465291 0.0475 0.0844277673546
1 0.133125 0.28330206379 0.07625 0.15009380863
2 0.205 0.319887429644 0.055 0.103189493433
2 0.266875 0.324577861163 0.05125 0.093808630394
4 0.36875 0.297373358349 0.0625 0.133208255159
4 0.51125 0.34521575985 0.0525 0.0975609756098
4 0.6625 0.322701688555 0.075 0.15009380863
4 0.7775 0.319887429644 0.0475 0.0844277673546
4 0.88375 0.300187617261 0.0975 0.172607879925
4 0.963125 0.302063789869 0.06625 0.120075046904
0 0.4675 0.287054409006 0.055 0.105065666041
0 0.615 0.303001876173 0.045 0.121951219512
