0 0.0838235294118 0.322549019608 0.0764705882353 0.127450980392
0 0.249264705882 0.345098039216 0.163235294118 0.305882352941
0 0.376470588235 0.310784313725 0.0676470588235 0.0960784313725
0 0.436029411765 0.322549019608 0.0544117647059 0.147058823529
0 0.491176470588 0.292156862745 0.114705882353 0.180392156863
0 0.624264705882 0.304901960784 0.0691176470588 0.1
0 0.802941176471 0.320588235294 0.129411764706 0.307843137255
3 0.923529411765 0.297058823529 0.15 0.417647058824
1 0.691176470588 0.222549019608 0.0264705882353 0.0450980392157
1 0.613970588235 0.222549019608 0.0279411764706 0.0411764705882
3 0.498529411765 0.175490196078 0.0205882352941 0.0333333333333
