4 0.132307692308 0.310623556582 0.0492307692308 0.0715935334873
4 0.200769230769 0.338337182448 0.0292307692308 0.0438799076212
4 0.262307692308 0.316397228637 0.0384615384615 0.0646651270208
4 0.326153846154 0.299076212471 0.04 0.0715935334873
4 0.425384615385 0.303695150115 0.0415384615385 0.0715935334873
4 0.530769230769 0.316397228637 0.0215384615385 0.0415704387991
4 0.556153846154 0.30831408776 0.0323076923077 0.0577367205543
4 0.59 0.329099307159 0.0353846153846 0.0623556581986
4 0.62 0.327944572748 0.0215384615385 0.0415704387991
4 0.665384615385 0.337182448037 0.0261538461538 0.0415704387991
4 0.702307692308 0.333718244804 0.0261538461538 0.0484988452656
4 0.732307692308 0.316397228637 0.0430769230769 0.0739030023095
4 0.778461538462 0.342956120092 0.0215384615385 0.0438799076212
4 0.816923076923 0.284064665127 0.0707692307692 0.110854503464
4 0.946923076923 0.348729792148 0.0353846153846 0.0554272517321
3 0.373846153846 0.319861431871 0.0276923076923 0.0438799076212
3 0.476923076923 0.327944572748 0.0215384615385 0.0461893764434
1 0.508461538462 0.33025404157 0.0138461538462 0.0230946882217
