3 0.241764705882 0.385 0.0435294117647 0.0666666666667
3 0.373529411765 0.364166666667 0.0411764705882 0.0816666666667
3 0.501764705882 0.383333333333 0.0388235294118 0.0766666666667
3 0.551176470588 0.3425 0.0576470588235 0.0983333333333
3 0.614117647059 0.3525 0.04 0.085
3 0.774705882353 0.273333333333 0.0835294117647 0.143333333333
2 0.314705882353 0.3775 0.0482352941176 0.095
2 0.434705882353 0.361666666667 0.0505882352941 0.103333333333
2 0.867058823529 0.328333333333 0.0376470588235 0.06
0 0.678235294118 0.294166666667 0.0694117647059 0.121666666667
0 0.901764705882 0.305833333333 0.0435294117647 0.0916666666667
2 0.98 0.281666666667 0.0376470588235 0.103333333333
