3 0.149819494585 0.378172588832 0.0397111913357 0.0812182741117
3 0.193140794224 0.375634517766 0.0324909747292 0.0659898477157
3 0.22202166065 0.376903553299 0.0324909747292 0.0685279187817
3 0.259927797834 0.375634517766 0.0397111913357 0.0710659898477
3 0.322202166065 0.378172588832 0.0270758122744 0.0609137055838
3 0.352888086643 0.389593908629 0.0379061371841 0.0736040609137
3 0.424187725632 0.395939086294 0.0252707581227 0.0558375634518
3 0.446750902527 0.393401015228 0.0162454873646 0.0609137055838
3 0.466606498195 0.392131979695 0.0306859205776 0.0634517766497
3 0.533393501805 0.390862944162 0.0234657039711 0.0609137055838
3 0.558664259928 0.383248730964 0.0342960288809 0.0710659898477
3 0.648916967509 0.387055837563 0.0198555956679 0.0583756345178
3 0.669675090253 0.380710659898 0.0361010830325 0.0710659898477
3 0.790613718412 0.380710659898 0.0216606498195 0.0659898477157
3 0.900722021661 0.397208121827 0.0361010830325 0.0634517766497
4 0.0803249097473 0.384517766497 0.0306859205776 0.0583756345178
4 0.112815884477 0.388324873096 0.0306859205776 0.0456852791878
4 0.505415162455 0.401015228426 0.0252707581227 0.0507614213198
4 0.73916967509 0.394670050761 0.0270758122744 0.0482233502538
4 0.847472924188 0.389593908629 0.0270758122744 0.0482233502538
4 0.953068592058 0.381979695431 0.0324909747292 0.0532994923858
1 0.769855595668 0.390862944162 0.0342960288809 0.0761421319797
