3 0.0727272727273 0.364010989011 0.0290909090909 0.0631868131868
2 0.106363636364 0.375 0.0381818181818 0.0796703296703
2 0.168181818182 0.369505494505 0.02 0.0467032967033
3 0.207272727273 0.357142857143 0.0363636363636 0.0769230769231
3 0.255454545455 0.364010989011 0.0345454545455 0.0686813186813
3 0.309090909091 0.384615384615 0.0472727272727 0.0989010989011
3 0.363636363636 0.35989010989 0.0363636363636 0.0714285714286
3 0.428181818182 0.384615384615 0.0381818181818 0.0824175824176
3 0.503636363636 0.372252747253 0.0290909090909 0.0741758241758
3 0.531818181818 0.369505494505 0.0345454545455 0.0851648351648
3 0.656363636364 0.379120879121 0.0290909090909 0.0714285714286
2 0.687272727273 0.361263736264 0.0436363636364 0.0851648351648
2 0.805454545455 0.387362637363 0.0509090909091 0.0824175824176
