1 0.151775486827 0.372913992298 0.049255441008 0.0731707317073
1 0.247422680412 0.385750962773 0.0595647193585 0.101412066752
1 0.337915234822 0.364569961489 0.0664375715922 0.0821566110398
1 0.404352806415 0.358793324775 0.0366552119129 0.0500641848524
1 0.473081328751 0.396662387677 0.0435280641466 0.0641848523748
1 0.521191294387 0.370346598203 0.057273768614 0.0885750962773
1 0.558419243986 0.385109114249 0.0217640320733 0.0667522464698
1 0.578465063001 0.377406931964 0.0343642611684 0.0564826700899
1 0.68098510882 0.404364569961 0.0515463917526 0.0872913992298
1 0.756013745704 0.396020539153 0.0412371134021 0.0808729139923
2 0.708476517755 0.342747111682 0.0400916380298 0.0590500641849
2 0.805269186712 0.41270860077 0.0595647193585 0.0937098844673
2 0.283505154639 0.385750962773 0.0240549828179 0.0629011553273
3 0.198167239404 0.379332477535 0.0504009163803 0.0834403080873
2 0.448453608247 0.37676508344 0.0332187857961 0.0629011553273
4 0.644902634593 0.409499358151 0.0366552119129 0.0564826700899
