0 0.0483333333333 0.560674157303 0.07 0.110112359551
0 0.188333333333 0.506741573034 0.06 0.101123595506
0 0.296666666667 0.487640449438 0.0566666666667 0.085393258427
0 0.39 0.479775280899 0.0466666666667 0.0786516853933
0 0.469166666667 0.498876404494 0.0416666666667 0.0674157303371
0 0.526666666667 0.468539325843 0.04 0.0606741573034
0 0.59 0.46404494382 0.04 0.0606741573034
0 0.65 0.452808988764 0.0366666666667 0.0561797752809
0 0.76 0.450561797753 0.0333333333333 0.0561797752809
0 0.815833333333 0.45393258427 0.0316666666667 0.0494382022472
0 0.8625 0.444943820225 0.0316666666667 0.0494382022472
0 0.895833333333 0.45393258427 0.0283333333333 0.0494382022472
0 0.9125 0.434831460674 0.025 0.047191011236
4 0.713333333333 0.456179775281 0.0366666666667 0.0539325842697
