0 0.0102409638554 0.445155393053 0.0180722891566 0.0347349177331
0 0.0367469879518 0.4478976234 0.0180722891566 0.0292504570384
1 0.0650602409639 0.459780621572 0.021686746988 0.0383912248629
1 0.0325301204819 0.542961608775 0.0409638554217 0.073126142596
4 0.0722891566265 0.534734917733 0.0385542168675 0.0712979890311
0 0.0921686746988 0.46252285192 0.0204819277108 0.036563071298
0 0.119879518072 0.535648994516 0.066265060241 0.117001828154
0 0.14578313253 0.463436928702 0.0240963855422 0.0457038391225
0 0.168072289157 0.457952468007 0.0228915662651 0.0457038391225
0 0.193373493976 0.489031078611 0.0325301204819 0.0639853747715
4 0.18313253012 0.553930530165 0.0457831325301 0.0840950639854
0 0.219879518072 0.490859232176 0.0277108433735 0.0639853747715
1 0.243975903614 0.448811700183 0.0253012048193 0.0457038391225
4 0.267469879518 0.574954296161 0.0578313253012 0.111517367459
4 0.297590361446 0.514625228519 0.0289156626506 0.0603290676417
1 0.277710843373 0.445155393053 0.0204819277108 0.0347349177331
4 0.316265060241 0.459780621572 0.0228915662651 0.0383912248629
0 0.365662650602 0.521937842779 0.0566265060241 0.100548446069
1 0.40421686747 0.487202925046 0.0325301204819 0.0603290676417
0 0.431325301205 0.456124314442 0.0289156626506 0.0493601462523
2 0.252409638554 0.387568555759 0.0132530120482 0.0255941499086
2 0.277108433735 0.392138939671 0.0120481927711 0.0237659963437
2 0.298192771084 0.392138939671 0.0132530120482 0.0237659963437
2 0.330722891566 0.392138939671 0.010843373494 0.0201096892139
2 0.349397590361 0.389396709324 0.0120481927711 0.0219378427788
2 0.36686746988 0.386654478976 0.010843373494 0.0201096892139
2 0.392168674699 0.390310786106 0.0132530120482 0.0201096892139
2 0.415662650602 0.390310786106 0.0120481927711 0.0201096892139
2 0.434939759036 0.387568555759 0.0120481927711 0.018281535649
2 0.465060240964 0.390310786106 0.00963855421687 0.0201096892139
2 0.481927710843 0.387568555759 0.0120481927711 0.0219378427788
2 0.502409638554 0.386654478976 0.00963855421687 0.0201096892139
4 0.525903614458 0.392138939671 0.0180722891566 0.0310786106033
4 0.486746987952 0.431444241316 0.0168674698795 0.0255941499086
4 0.452409638554 0.446983546618 0.0156626506024 0.0310786106033
2 0.555421686747 0.384826325411 0.0120481927711 0.0201096892139
2 0.578915662651 0.382084095064 0.010843373494 0.018281535649
2 0.602409638554 0.389396709324 0.0144578313253 0.0219378427788
2 0.625903614458 0.389396709324 0.0132530120482 0.0219378427788
2 0.640963855422 0.387568555759 0.0120481927711 0.0219378427788
2 0.669277108434 0.386654478976 0.0132530120482 0.0237659963437
2 0.686144578313 0.385740402194 0.0132530120482 0.0255941499086
2 0.706024096386 0.384826325411 0.0120481927711 0.0237659963437
2 0.739759036145 0.383912248629 0.0120481927711 0.0255941499086
2 0.760843373494 0.383912248629 0.0132530120482 0.0219378427788
2 0.783734939759 0.384826325411 0.0132530120482 0.0201096892139
4 0.753614457831 0.539305301645 0.044578313253 0.0877513711152
1 0.592771084337 0.440585009141 0.0240963855422 0.0438756855576
1 0.630722891566 0.456124314442 0.0301204819277 0.0566727605119
1 0.671084337349 0.445155393053 0.0240963855422 0.0420475319927
1 0.665060240964 0.489945155393 0.0361445783133 0.0658135283364
1 0.69156626506 0.446069469835 0.0192771084337 0.0402193784278
4 0.710843373494 0.457038391225 0.0265060240964 0.0438756855576
1 0.746987951807 0.439670932358 0.021686746988 0.0383912248629
4 0.768674698795 0.482632541133 0.0313253012048 0.054844606947
1 0.793373493976 0.477148080439 0.0204819277108 0.0402193784278
0 0.800602409639 0.581352833638 0.0614457831325 0.113345521024
1 0.859036144578 0.614259597806 0.0795180722892 0.131627056673
4 0.837951807229 0.5 0.0277108433735 0.0457038391225
1 0.871084337349 0.506398537477 0.0385542168675 0.0694698354662
4 0.903614457831 0.490859232176 0.021686746988 0.0639853747715
0 0.934939759036 0.495429616088 0.0433734939759 0.0804387568556
1 0.978313253012 0.472577696527 0.0265060240964 0.0493601462523
0 0.984337349398 0.500914076782 0.0289156626506 0.0621572212066
1 0.98313253012 0.586837294333 0.0313253012048 0.109689213894
0 0.830120481928 0.456124314442 0.021686746988 0.0383912248629
2 0.96265060241 0.445155393053 0.0192771084337 0.0457038391225
