3 0.34619140625 0.454314720812 0.0224609375 0.0490693739425
3 0.42333984375 0.419627749577 0.0244140625 0.0507614213198
3 0.48095703125 0.424703891709 0.0146484375 0.0439932318105
3 0.49560546875 0.427241962775 0.0166015625 0.0490693739425
3 0.5263671875 0.42385786802 0.025390625 0.0626057529611
3 0.5712890625 0.447546531303 0.017578125 0.0490693739425
3 0.62451171875 0.4179357022 0.0146484375 0.0372250423012
3 0.74365234375 0.425549915398 0.0224609375 0.0626057529611
1 0.55224609375 0.423011844332 0.0166015625 0.0473773265651
1 0.583984375 0.428087986464 0.009765625 0.0304568527919
1 0.58837890625 0.455160744501 0.0146484375 0.0372250423012
1 0.60693359375 0.428934010152 0.0166015625 0.0355329949239
1 0.638671875 0.44923857868 0.013671875 0.0389170896785
1 0.654296875 0.439932318105 0.01953125 0.0473773265651
1 0.6708984375 0.437394247039 0.015625 0.0423011844332
1 0.68505859375 0.431472081218 0.0166015625 0.0406091370558
1 0.70458984375 0.433164128596 0.0166015625 0.0406091370558
1 0.7197265625 0.433164128596 0.015625 0.0473773265651
