2 0.0648369132856 0.388424821002 0.113762927605 0.22553699284
0 0.137629276054 0.408114558473 0.0525059665871 0.133651551313
3 0.196499602228 0.424821002387 0.0747812251392 0.164677804296
3 0.276054097056 0.394391408115 0.0684168655529 0.144391408115
3 0.48369132856 0.465393794749 0.0365950676213 0.0715990453461
3 0.502784407319 0.477326968974 0.0190930787589 0.0572792362768
3 0.517899761337 0.471957040573 0.0206841686555 0.0656324582339
3 0.534606205251 0.474343675418 0.0206841686555 0.0560859188544
3 0.556881463803 0.482696897375 0.0222752585521 0.0513126491647
2 0.564439140811 0.457637231504 0.0214797136038 0.0393794749403
3 0.897772474145 0.453460620525 0.0533015115354 0.0954653937947
0 0.336117740652 0.461813842482 0.0564836913286 0.114558472554
0 0.379872712808 0.450477326969 0.0469371519491 0.106205250597
0 0.406523468576 0.434367541766 0.0365950676213 0.0883054892601
0 0.442720763723 0.458233890215 0.0421638822593 0.0883054892601
