0 0.478181818182 0.448228882834 0.0218181818182 0.0354223433243
0 0.58 0.475476839237 0.0290909090909 0.0626702997275
0 0.650909090909 0.479564032698 0.04 0.0653950953678
0 0.694545454545 0.457765667575 0.0254545454545 0.0544959128065
0 0.706363636364 0.50408719346 0.0309090909091 0.0544959128065
0 0.740909090909 0.468664850136 0.0309090909091 0.0544959128065
0 0.773636363636 0.476839237057 0.0309090909091 0.0599455040872
0 0.822727272727 0.456403269755 0.0309090909091 0.0572207084469
0 0.855454545455 0.456403269755 0.0236363636364 0.0517711171662
0 0.877272727273 0.460490463215 0.0309090909091 0.0599455040872
0 0.935454545455 0.465940054496 0.0309090909091 0.0544959128065
4 0.493636363636 0.506811989101 0.0309090909091 0.0544959128065
4 0.429090909091 0.453678474114 0.0218181818182 0.0408719346049
4 0.378181818182 0.455040871935 0.0218181818182 0.0435967302452
4 0.332727272727 0.446866485014 0.0218181818182 0.0435967302452
4 0.286363636364 0.465940054496 0.0236363636364 0.0381471389646
4 0.231818181818 0.474114441417 0.0236363636364 0.0435967302452
