1 0.0572222222222 0.654424040067 0.0477777777778 0.0868113522538
1 0.0927777777778 0.566777963272 0.0344444444444 0.0584307178631
1 0.122777777778 0.640233722871 0.0411111111111 0.0617696160267
1 0.164444444444 0.565943238731 0.0288888888889 0.0567612687813
1 0.213888888889 0.653589315526 0.0344444444444 0.0651085141903
1 0.223333333333 0.587646076795 0.0288888888889 0.0567612687813
4 0.273888888889 0.611853088481 0.0322222222222 0.0517529215359
1 0.301111111111 0.627712854758 0.0266666666667 0.0567612687813
1 0.553888888889 0.418196994992 0.0388888888889 0.0717863105175
1 0.846666666667 0.650250417362 0.0533333333333 0.0818030050083
4 0.612222222222 0.41652754591 0.0377777777778 0.0784641068447
