0 0.242727272727 0.216180371353 0.0490909090909 0.0822281167109
0 0.45 0.355437665782 0.0527272727273 0.0901856763926
0 0.563636363636 0.301061007958 0.0436363636364 0.0769230769231
4 0.104545454545 0.379310344828 0.0454545454545 0.079575596817
4 0.22 0.285145888594 0.04 0.0716180371353
4 0.226363636364 0.40848806366 0.0454545454545 0.0848806366048
4 0.222727272727 0.477453580902 0.0490909090909 0.0689655172414
4 0.342727272727 0.334217506631 0.0418181818182 0.079575596817
4 0.339090909091 0.267904509284 0.0418181818182 0.0636604774536
4 0.394545454545 0.33023872679 0.0363636363636 0.0716180371353
4 0.488181818182 0.315649867374 0.0418181818182 0.079575596817
4 0.621818181818 0.379310344828 0.0363636363636 0.0689655172414
4 0.724545454545 0.334217506631 0.0381818181818 0.0742705570292
4 0.770909090909 0.327586206897 0.04 0.0663129973475
4 0.949090909091 0.328912466844 0.0363636363636 0.0689655172414
4 0.264545454545 0.275862068966 0.0418181818182 0.0689655172414
