0 0.266 0.429429429429 0.032 0.0840840840841
0 0.297 0.418918918919 0.038 0.0690690690691
0 0.356 0.393393393393 0.068 0.144144144144
0 0.498 0.363363363363 0.056 0.132132132132
0 0.605 0.385885885886 0.058 0.147147147147
0 0.716 0.357357357357 0.052 0.12012012012
4 0.558 0.406906906907 0.044 0.0990990990991
0 0.644 0.396396396396 0.024 0.0780780780781
3 0.394 0.391891891892 0.016 0.045045045045
3 0.417 0.388888888889 0.022 0.039039039039
3 0.444 0.393393393393 0.024 0.036036036036
1 0.215 0.372372372372 0.026 0.036036036036
