3 0.063 0.492 0.09 0.146666666667
3 0.058 0.362666666667 0.06 0.106666666667
3 0.192 0.361333333333 0.076 0.130666666667
3 0.248 0.346666666667 0.044 0.096
3 0.292 0.376 0.06 0.106666666667
3 0.351 0.313333333333 0.046 0.104
3 0.437 0.344 0.042 0.064
3 0.473 0.301333333333 0.058 0.112
3 0.555 0.36 0.054 0.101333333333
3 0.584 0.318666666667 0.04 0.0933333333333
3 0.621 0.34 0.05 0.0986666666667
3 0.667 0.370666666667 0.066 0.106666666667
3 0.703 0.334666666667 0.054 0.088
3 0.769 0.325333333333 0.07 0.106666666667
3 0.855 0.349333333333 0.086 0.128
3 0.869 0.270666666667 0.07 0.088
3 0.923 0.296 0.058 0.106666666667
4 0.38 0.341333333333 0.064 0.106666666667
