3 0.0677777777778 0.231666666667 0.104444444444 0.156666666667
4 0.0544444444444 0.385 0.104444444444 0.196666666667
2 0.174444444444 0.325 0.0466666666667 0.0966666666667
2 0.223333333333 0.33 0.0644444444444 0.14
4 0.295555555556 0.318333333333 0.102222222222 0.216666666667
4 0.365555555556 0.256666666667 0.0777777777778 0.166666666667
3 0.435555555556 0.245 0.08 0.143333333333
3 0.545555555556 0.286666666667 0.0866666666667 0.22
4 0.598888888889 0.318333333333 0.06 0.203333333333
4 0.672222222222 0.343333333333 0.126666666667 0.226666666667
4 0.733333333333 0.211666666667 0.0666666666667 0.11
4 0.916666666667 0.388333333333 0.144444444444 0.31
