4 0.017 0.302666666667 0.034 0.12
4 0.036 0.268 0.04 0.0826666666667
4 0.141 0.314666666667 0.09 0.133333333333
4 0.209 0.304 0.046 0.064
4 0.294 0.282666666667 0.044 0.0746666666667
4 0.351 0.292 0.042 0.0666666666667
4 0.419 0.286666666667 0.038 0.0666666666667
4 0.514 0.3 0.048 0.0826666666667
4 0.571 0.32 0.034 0.064
4 0.615 0.308 0.046 0.0826666666667
4 0.611 0.253333333333 0.042 0.048
4 0.718 0.304 0.04 0.0746666666667
4 0.752 0.329333333333 0.06 0.088
4 0.795 0.294666666667 0.038 0.0613333333333
4 0.839 0.317333333333 0.038 0.08
4 0.911 0.3 0.078 0.136
