3 0.0475663716814 0.241666666667 0.0597345132743 0.11
3 0.120575221239 0.25 0.0420353982301 0.0733333333333
3 0.179203539823 0.25 0.0530973451327 0.1
2 0.25110619469 0.286666666667 0.0464601769912 0.0866666666667
2 0.287610619469 0.243333333333 0.0265486725664 0.0533333333333
2 0.324115044248 0.218333333333 0.0730088495575 0.143333333333
3 0.370575221239 0.278333333333 0.0420353982301 0.103333333333
3 0.62610619469 0.288333333333 0.0442477876106 0.07
3 0.733407079646 0.27 0.0553097345133 0.113333333333
2 0.491150442478 0.188333333333 0.0840707964602 0.176666666667
2 0.78982300885 0.198333333333 0.0796460176991 0.156666666667
