4 0.1 0.185 0.08 0.13
4 0.165555555556 0.171666666667 0.0511111111111 0.11
0 0.272222222222 0.178333333333 0.06 0.116666666667
4 0.352222222222 0.196666666667 0.0422222222222 0.08
4 0.391111111111 0.163333333333 0.0622222222222 0.113333333333
4 0.437777777778 0.163333333333 0.0444444444444 0.1
4 0.47 0.196666666667 0.0377777777778 0.06
4 0.558888888889 0.165 0.0511111111111 0.0966666666667
4 0.626666666667 0.178333333333 0.0533333333333 0.0966666666667
4 0.68 0.198333333333 0.0266666666667 0.07
4 0.702222222222 0.183333333333 0.0444444444444 0.0866666666667
4 0.745555555556 0.161666666667 0.0733333333333 0.13
4 0.797777777778 0.178333333333 0.0577777777778 0.103333333333
4 0.881111111111 0.13 0.0822222222222 0.153333333333
4 0.966666666667 0.146666666667 0.0622222222222 0.126666666667
