2 0.012 0.336336336336 0.024 0.156156156156
2 0.039 0.310810810811 0.058 0.129129129129
3 0.092 0.321321321321 0.088 0.156156156156
3 0.156 0.321321321321 0.056 0.126126126126
3 0.197 0.315315315315 0.038 0.0900900900901
4 0.256 0.283783783784 0.072 0.129129129129
3 0.306 0.337837837838 0.048 0.105105105105
3 0.35 0.313813813814 0.048 0.105105105105
4 0.394 0.316816816817 0.056 0.111111111111
4 0.465 0.297297297297 0.05 0.114114114114
4 0.534 0.3003003003 0.056 0.108108108108
2 0.603 0.310810810811 0.034 0.0990990990991
3 0.638 0.328828828829 0.052 0.129129129129
3 0.672 0.327327327327 0.032 0.0960960960961
3 0.711 0.316816816817 0.042 0.0930930930931
4 0.763 0.306306306306 0.058 0.114114114114
3 0.866 0.294294294294 0.068 0.12012012012
3 0.94 0.309309309309 0.064 0.132132132132
