1 0.084693877551 0.474114441417 0.0795918367347 0.141689373297
1 0.507142857143 0.272479564033 0.0387755102041 0.0599455040872
1 0.561224489796 0.287465940054 0.0285714285714 0.0463215258856
1 0.554081632653 0.194822888283 0.030612244898 0.0463215258856
1 0.642857142857 0.25068119891 0.0367346938776 0.0653950953678
1 0.670408163265 0.238419618529 0.0265306122449 0.0463215258856
4 0.440816326531 0.314713896458 0.0448979591837 0.0681198910082
4 0.235714285714 0.359673024523 0.0469387755102 0.0817438692098
4 0.179591836735 0.352861035422 0.0612244897959 0.106267029973
4 0.115306122449 0.328337874659 0.0632653061224 0.106267029973
