3 0.115 0.352852852853 0.054 0.105105105105
3 0.404 0.322822822823 0.068 0.135135135135
3 0.748 0.357357357357 0.028 0.048048048048
3 0.898 0.387387387387 0.032 0.0600600600601
2 0.202 0.265765765766 0.104 0.213213213213
2 0.257 0.351351351351 0.046 0.102102102102
2 0.443 0.36036036036 0.026 0.0720720720721
2 0.571 0.327327327327 0.066 0.126126126126
2 0.631 0.313813813814 0.054 0.111111111111
2 0.695 0.373873873874 0.038 0.0690690690691
2 0.787 0.334834834835 0.062 0.111111111111
2 0.985 0.369369369369 0.026 0.0780780780781
2 0.849 0.369369369369 0.03 0.0600600600601
