2 0.143533123028 0.446666666667 0.116719242902 0.0977777777778
2 0.141955835962 0.296666666667 0.0694006309148 0.0688888888889
2 0.233438485804 0.294444444444 0.0630914826498 0.0511111111111
2 0.290220820189 0.27 0.0567823343849 0.0466666666667
2 0.547318611987 0.615555555556 0.0536277602524 0.0444444444444
2 0.824921135647 0.386666666667 0.0725552050473 0.0533333333333
2 0.758675078864 0.22 0.0473186119874 0.04
1 0.618296529968 0.593333333333 0.0883280757098 0.0755555555556
1 0.65141955836 0.515555555556 0.0662460567823 0.0577777777778
1 0.66403785489 0.453333333333 0.0536277602524 0.0488888888889
1 0.684542586751 0.423333333333 0.0504731861199 0.0422222222222
1 0.86119873817 0.341111111111 0.0441640378549 0.0333333333333
1 0.780757097792 0.384444444444 0.0473186119874 0.0444444444444
1 0.395899053628 0.25 0.0473186119874 0.0377777777778
