2 0.01875 0.48 0.0375 0.0666666666667
2 0.07 0.471666666667 0.03 0.05
2 0.10375 0.485 0.0425 0.0766666666667
2 0.13625 0.488333333333 0.0325 0.0633333333333
2 0.17625 0.481666666667 0.0325 0.0633333333333
2 0.2 0.483333333333 0.025 0.0533333333333
2 0.24375 0.49 0.0325 0.0666666666667
2 0.2725 0.498333333333 0.025 0.0566666666667
2 0.2925 0.493333333333 0.015 0.0466666666667
2 0.3725 0.48 0.045 0.0733333333333
2 0.5125 0.505 0.04 0.0633333333333
2 0.62125 0.51 0.0425 0.0666666666667
4 0.59125 0.511666666667 0.0175 0.03
4 0.58 0.5 0.015 0.0333333333333
4 0.56625 0.5 0.0175 0.0333333333333
4 0.6575 0.496666666667 0.025 0.0466666666667
4 0.68125 0.513333333333 0.0275 0.0466666666667
4 0.68375 0.478333333333 0.0225 0.0366666666667
4 0.705 0.486666666667 0.025 0.04
4 0.72125 0.511666666667 0.0325 0.0566666666667
4 0.75875 0.516666666667 0.0325 0.06
4 0.80375 0.506666666667 0.0325 0.0533333333333
4 0.85375 0.505 0.0325 0.0633333333333
4 0.88 0.515 0.025 0.0433333333333
4 0.9 0.526666666667 0.03 0.0533333333333
4 0.95875 0.516666666667 0.0325 0.06
