1 0.08837890625 0.512408759124 0.0517578125 0.0963503649635
1 0.189453125 0.561313868613 0.037109375 0.0656934306569
1 0.228515625 0.520437956204 0.048828125 0.0919708029197
1 0.298828125 0.549635036496 0.044921875 0.0773722627737
1 0.36328125 0.50802919708 0.048828125 0.0934306569343
1 0.435546875 0.544525547445 0.0390625 0.0700729927007
1 0.5029296875 0.511678832117 0.05078125 0.0861313868613
1 0.57373046875 0.542335766423 0.0419921875 0.0744525547445
1 0.650390625 0.516788321168 0.046875 0.0992700729927
1 0.70849609375 0.54598540146 0.0439453125 0.0817518248175
1 0.77587890625 0.564233576642 0.0380859375 0.0715328467153
1 0.84228515625 0.501459854015 0.0537109375 0.0861313868613
1 0.9326171875 0.506569343066 0.046875 0.0788321167883
