3 0.0803149606299 0.669133192389 0.0188976377953 0.0274841437632
3 0.117322834646 0.671247357294 0.0204724409449 0.0274841437632
3 0.0212598425197 0.744186046512 0.0204724409449 0.0295983086681
3 0.109448818898 0.727272727273 0.0141732283465 0.0253699788584
3 0.0755905511811 0.790697674419 0.0220472440945 0.0295983086681
3 0.0818897637795 0.829809725159 0.0346456692913 0.0528541226216
3 0.126771653543 0.850951374207 0.0362204724409 0.0570824524313
3 0.231496062992 0.876321353066 0.0346456692913 0.0655391120507
3 0.266929133858 0.858350951374 0.0393700787402 0.0634249471459
3 0.656692913386 0.603594080338 0.0251968503937 0.0359408033827
3 0.705511811024 0.57822410148 0.0251968503937 0.0486257928118
3 0.792125984252 0.57399577167 0.0283464566929 0.0401691331924
3 0.931496062992 0.653276955603 0.0204724409449 0.0338266384778
3 0.970078740157 0.638477801268 0.0188976377953 0.0295983086681
1 0.325984251969 0.845665961945 0.0409448818898 0.0634249471459
