0 0.24875 0.785714285714 0.0425 0.0769230769231
1 0.2925 0.754578754579 0.045 0.0805860805861
1 0.3375 0.771062271062 0.04 0.0769230769231
1 0.7125 0.71978021978 0.04 0.0695970695971
1 0.83125 0.732600732601 0.0425 0.0732600732601
1 0.9125 0.741758241758 0.05 0.0915750915751
1 0.7925 0.71978021978 0.025 0.0769230769231
3 0.6175 0.631868131868 0.025 0.0549450549451
2 0.70375 0.641025641026 0.0325 0.0512820512821
2 0.73625 0.637362637363 0.0275 0.0512820512821
1 0.91125 0.589743589744 0.0225 0.043956043956
