2 0.08625 0.289473684211 0.0375 0.0601503759398
1 0.09375 0.834586466165 0.0375 0.0601503759398
1 0.22625 0.806390977444 0.0375 0.0563909774436
1 0.31875 0.697368421053 0.0375 0.0563909774436
1 0.3725 0.723684210526 0.035 0.0563909774436
1 0.35875 0.592105263158 0.0325 0.0563909774436
1 0.42125 0.543233082707 0.0325 0.0563909774436
1 0.585 0.842105263158 0.04 0.0751879699248
1 0.70625 0.798872180451 0.0375 0.0714285714286
1 0.76625 0.710526315789 0.0325 0.0676691729323
1 0.845 0.592105263158 0.035 0.0563909774436
1 0.84875 0.479323308271 0.0325 0.0488721804511
3 0.6475 0.434210526316 0.025 0.0488721804511
0 0.64 0.586466165414 0.025 0.0451127819549
4 0.73 0.278195488722 0.025 0.0451127819549
1 0.59375 0.906015037594 0.0425 0.0676691729323
3 0.87 0.281954887218 0.02 0.0375939849624
