4 0.0194736842105 0.416271721959 0.0242105263158 0.0458135860979
4 0.118421052632 0.418641390205 0.0284210526316 0.0473933649289
4 0.187368421053 0.439178515008 0.0252631578947 0.044233807267
4 0.216842105263 0.44233807267 0.0273684210526 0.0505529225908
4 0.24 0.437598736177 0.0231578947368 0.0347551342812
4 0.295789473684 0.431279620853 0.0294736842105 0.0473933649289
4 0.328947368421 0.456556082148 0.0368421052632 0.0695102685624
4 0.386315789474 0.494470774092 0.0210526315789 0.0600315955766
4 0.406842105263 0.484992101106 0.0389473684211 0.085308056872
4 0.380526315789 0.352290679305 0.0178947368421 0.0347551342812
4 0.342105263158 0.383096366509 0.0147368421053 0.0236966824645
3 0.334210526316 0.408372827804 0.0263157894737 0.0300157977883
3 0.372105263158 0.424170616114 0.0326315789474 0.0552922590837
3 0.428421052632 0.40916271722 0.0210526315789 0.0410742496051
4 0.508947368421 0.383886255924 0.0115789473684 0.0189573459716
4 0.532105263158 0.38467614534 0.0115789473684 0.0236966824645
4 0.469473684211 0.419431279621 0.0189473684211 0.0331753554502
4 0.461578947368 0.470774091627 0.0305263157895 0.0600315955766
4 0.492631578947 0.46682464455 0.0357894736842 0.0647709320695
4 0.445263157895 0.383886255924 0.00842105263158 0.0189573459716
4 0.460526315789 0.387045813586 0.0115789473684 0.0189573459716
4 0.581052631579 0.356240126382 0.0126315789474 0.0236966824645
4 0.604210526316 0.39336492891 0.0126315789474 0.0221169036335
4 0.572105263158 0.545023696682 0.06 0.101105845182
4 0.637894736842 0.425750394945 0.0168421052632 0.0394944707741
4 0.651578947368 0.388625592417 0.0126315789474 0.0221169036335
4 0.665789473684 0.38467614534 0.02 0.0300157977883
4 0.712105263158 0.387045813586 0.0136842105263 0.0252764612954
4 0.708947368421 0.432859399684 0.0157894736842 0.0284360189573
4 0.729473684211 0.410742496051 0.0147368421053 0.0284360189573
4 0.676842105263 0.527646129542 0.0231578947368 0.044233807267
4 0.700526315789 0.511058451817 0.0263157894737 0.0489731437599
4 0.764210526316 0.428120063191 0.0189473684211 0.0284360189573
4 0.78 0.420221169036 0.0168421052632 0.0284360189573
4 0.725263157895 0.495260663507 0.0231578947368 0.0300157977883
4 0.777894736842 0.580568720379 0.0842105263158 0.140600315956
4 0.777894736842 0.494470774092 0.0189473684211 0.0284360189573
4 0.830526315789 0.480252764613 0.0210526315789 0.0315955766193
4 0.816315789474 0.3775671406 0.0136842105263 0.0252764612954
4 0.756315789474 0.263033175355 0.0115789473684 0.0205371248025
4 0.767368421053 0.293048973144 0.0126315789474 0.0236966824645
4 0.834736842105 0.289889415482 0.0126315789474 0.0205371248025
4 0.844736842105 0.388625592417 0.02 0.0315955766193
4 0.88 0.392575039494 0.0189473684211 0.0363349131122
4 0.938421052632 0.379936808847 0.0178947368421 0.0300157977883
