4 0.364583333333 0.2998046875 0.0130208333333 0.01171875
4 0.393229166667 0.29833984375 0.0130208333333 0.0126953125
2 0.419921875 0.30419921875 0.0143229166667 0.0126953125
4 0.430989583333 0.3017578125 0.0104166666667 0.009765625
4 0.444661458333 0.296875 0.01171875 0.01171875
4 0.462239583333 0.29150390625 0.0130208333333 0.0107421875
4 0.442057291667 0.318359375 0.01953125 0.017578125
4 0.387369791667 0.31884765625 0.0143229166667 0.0146484375
4 0.350911458333 0.326171875 0.0143229166667 0.013671875
4 0.3359375 0.3310546875 0.0130208333333 0.01171875
4 0.343098958333 0.33837890625 0.0169270833333 0.0107421875
4 0.326822916667 0.3095703125 0.0130208333333 0.013671875
4 0.319661458333 0.322265625 0.0169270833333 0.015625
4 0.3203125 0.3427734375 0.0130208333333 0.015625
4 0.296875 0.3359375 0.0130208333333 0.015625
4 0.2890625 0.3232421875 0.0208333333333 0.013671875
4 0.287760416667 0.3076171875 0.0130208333333 0.013671875
4 0.282552083333 0.3359375 0.0182291666667 0.015625
4 0.2734375 0.34423828125 0.0130208333333 0.0126953125
4 0.26171875 0.3447265625 0.0130208333333 0.015625
4 0.255208333333 0.35595703125 0.0208333333333 0.0166015625
4 0.2265625 0.34912109375 0.0182291666667 0.0146484375
4 0.239583333333 0.34716796875 0.0130208333333 0.0166015625
4 0.346354166667 0.3505859375 0.0182291666667 0.015625
4 0.361328125 0.345703125 0.01953125 0.015625
4 0.376302083333 0.33349609375 0.015625 0.0146484375
4 0.309895833333 0.36865234375 0.0182291666667 0.0126953125
4 0.314453125 0.359375 0.0143229166667 0.009765625
4 0.240234375 0.376953125 0.0221354166667 0.017578125
4 0.384114583333 0.34619140625 0.0182291666667 0.0146484375
4 0.375651041667 0.3623046875 0.01953125 0.017578125
4 0.396484375 0.34375 0.0143229166667 0.013671875
4 0.412109375 0.34619140625 0.0169270833333 0.0126953125
4 0.401692708333 0.35888671875 0.0169270833333 0.0185546875
4 0.414713541667 0.35986328125 0.0169270833333 0.0166015625
4 0.431640625 0.35791015625 0.0169270833333 0.0146484375
4 0.425130208333 0.34326171875 0.0143229166667 0.0146484375
4 0.4375 0.33984375 0.015625 0.021484375
4 0.491536458333 0.3369140625 0.0169270833333 0.015625
4 0.506510416667 0.35400390625 0.0208333333333 0.0146484375
4 0.344401041667 0.3740234375 0.0169270833333 0.01953125
4 0.307942708333 0.38427734375 0.01953125 0.0185546875
4 0.279296875 0.39208984375 0.0169270833333 0.0224609375
4 0.263671875 0.39501953125 0.0247395833333 0.0224609375
4 0.231770833333 0.39794921875 0.0234375 0.0205078125
4 0.215494791667 0.3759765625 0.0221354166667 0.01953125
4 0.188802083333 0.3876953125 0.0234375 0.01953125
4 0.20703125 0.4052734375 0.0208333333333 0.017578125
4 0.169921875 0.427734375 0.02734375 0.025390625
4 0.190755208333 0.4384765625 0.0247395833333 0.01953125
4 0.256510416667 0.4208984375 0.0260416666667 0.021484375
4 0.346354166667 0.4130859375 0.0260416666667 0.021484375
4 0.426432291667 0.43994140625 0.02734375 0.0244140625
4 0.459635416667 0.408203125 0.0234375 0.01953125
4 0.4609375 0.38818359375 0.0260416666667 0.0185546875
4 0.126302083333 0.41552734375 0.03125 0.0224609375
4 0.135416666667 0.43408203125 0.0260416666667 0.0244140625
4 0.0768229166667 0.46533203125 0.0286458333333 0.0322265625
4 0.106119791667 0.474609375 0.0377604166667 0.029296875
4 0.179036458333 0.490234375 0.0403645833333 0.03125
4 0.147135416667 0.5537109375 0.0572916666667 0.052734375
4 0.0403645833333 0.51220703125 0.0416666666667 0.0419921875
4 0.2421875 0.54541015625 0.0416666666667 0.0341796875
4 0.264322916667 0.5810546875 0.0442708333333 0.041015625
2 0.323567708333 0.580078125 0.0533854166667 0.046875
4 0.4375 0.56591796875 0.0572916666667 0.0537109375
4 0.33984375 0.521484375 0.0546875 0.04296875
4 0.365885416667 0.48193359375 0.0390625 0.0302734375
4 0.598958333333 0.51513671875 0.0390625 0.0400390625
4 0.623046875 0.6103515625 0.0559895833333 0.060546875
4 0.720703125 0.53662109375 0.0611979166667 0.0498046875
4 0.795572916667 0.55322265625 0.0572916666667 0.0458984375
4 0.63671875 0.4619140625 0.0338541666667 0.02734375
4 0.55859375 0.44970703125 0.0286458333333 0.0263671875
4 0.531901041667 0.47705078125 0.0403645833333 0.0361328125
4 0.541015625 0.3564453125 0.0247395833333 0.021484375
4 0.631510416667 0.43896484375 0.03125 0.0205078125
4 0.682291666667 0.45556640625 0.0338541666667 0.0283203125
4 0.507161458333 0.39208984375 0.0247395833333 0.0185546875
4 0.548177083333 0.31591796875 0.015625 0.0126953125
