3 0.12734375 0.391826923077 0.0765625 0.129807692308
3 0.20859375 0.387019230769 0.0515625 0.0961538461538
3 0.42421875 0.448317307692 0.0453125 0.0841346153846
3 0.515625 0.415865384615 0.05625 0.0961538461538
3 0.58671875 0.442307692308 0.0390625 0.0817307692308
3 0.621875 0.424278846154 0.05 0.103365384615
3 0.6625 0.443509615385 0.046875 0.0793269230769
3 0.728125 0.418269230769 0.059375 0.115384615385
3 0.7703125 0.447115384615 0.046875 0.0817307692308
3 0.84375 0.456730769231 0.059375 0.100961538462
3 0.96328125 0.515625 0.0578125 0.103365384615
