4 0.0496453900709 0.532085561497 0.0283687943262 0.048128342246
4 0.0966312056738 0.530748663102 0.0159574468085 0.0294117647059
4 0.124113475177 0.534759358289 0.031914893617 0.048128342246
4 0.175531914894 0.51871657754 0.0283687943262 0.0374331550802
4 0.199468085106 0.53743315508 0.0301418439716 0.0534759358289
4 0.220744680851 0.533422459893 0.0230496453901 0.0454545454545
4 0.246453900709 0.54679144385 0.0212765957447 0.0401069518717
4 0.304964539007 0.55614973262 0.0354609929078 0.0588235294118
4 0.34219858156 0.553475935829 0.0212765957447 0.0374331550802
4 0.366134751773 0.557486631016 0.0195035460993 0.0454545454545
4 0.390070921986 0.553475935829 0.0390070921986 0.0641711229947
4 0.42109929078 0.533422459893 0.0265957446809 0.0508021390374
4 0.446808510638 0.581550802139 0.031914893617 0.0561497326203
4 0.46719858156 0.557486631016 0.0230496453901 0.0454545454545
4 0.49024822695 0.572192513369 0.0372340425532 0.0641711229947
4 0.50975177305 0.536096256684 0.0301418439716 0.0561497326203
4 0.55585106383 0.54679144385 0.0443262411348 0.072192513369
4 0.609929078014 0.544117647059 0.0390070921986 0.0668449197861
4 0.66134751773 0.542780748663 0.0390070921986 0.0695187165775
4 0.686170212766 0.573529411765 0.0248226950355 0.0614973262032
4 0.809397163121 0.534759358289 0.072695035461 0.106951871658
3 0.93085106383 0.590909090909 0.109929078014 0.149732620321
