0 0.3625 0.610227272727 0.0783333333333 0.125
0 0.706666666667 0.331818181818 0.0966666666667 0.163636363636
4 0.86 0.35 0.0433333333333 0.0681818181818
4 0.925833333333 0.217045454545 0.0383333333333 0.0613636363636
4 0.778333333333 0.220454545455 0.0366666666667 0.0590909090909
4 0.658333333333 0.206818181818 0.0333333333333 0.0545454545455
4 0.565 0.257954545455 0.0233333333333 0.0386363636364
4 0.5375 0.261363636364 0.0216666666667 0.0363636363636
4 0.481666666667 0.261363636364 0.0233333333333 0.0363636363636
4 0.434166666667 0.228409090909 0.0283333333333 0.0477272727273
4 0.4075 0.218181818182 0.0216666666667 0.0409090909091
4 0.359166666667 0.227272727273 0.0316666666667 0.05
4 0.373333333333 0.370454545455 0.0266666666667 0.05
4 0.3025 0.235227272727 0.0283333333333 0.0431818181818
4 0.295 0.325 0.03 0.05
4 0.254166666667 0.229545454545 0.0316666666667 0.0454545454545
4 0.209166666667 0.2375 0.025 0.0431818181818
4 0.151666666667 0.228409090909 0.0333333333333 0.0477272727273
4 0.0666666666667 0.206818181818 0.03 0.0545454545455
