4 0.01220703125 0.619140625 0.0224609375 0.0559895833333
4 0.0419921875 0.611328125 0.041015625 0.05078125
4 0.046875 0.66015625 0.056640625 0.0703125
4 0.0947265625 0.638020833333 0.05078125 0.0625
4 0.1396484375 0.606119791667 0.046875 0.0611979166667
4 0.18896484375 0.574869791667 0.0419921875 0.0559895833333
4 0.2119140625 0.638671875 0.044921875 0.06640625
4 0.23876953125 0.620442708333 0.0361328125 0.0638020833333
4 0.271484375 0.591796875 0.037109375 0.0481770833333
4 0.3037109375 0.584635416667 0.037109375 0.0546875
4 0.31787109375 0.568359375 0.0283203125 0.0455729166667
4 0.353515625 0.561848958333 0.037109375 0.05078125
4 0.35546875 0.610677083333 0.03515625 0.046875
4 0.4033203125 0.594401041667 0.037109375 0.0533854166667
4 0.45556640625 0.593098958333 0.0322265625 0.04296875
4 0.45556640625 0.557942708333 0.0283203125 0.03515625
4 0.48291015625 0.5546875 0.0283203125 0.0416666666667
4 0.49853515625 0.592447916667 0.0283203125 0.0416666666667
4 0.5185546875 0.552734375 0.029296875 0.0377604166667
4 0.5546875 0.564453125 0.04296875 0.0611979166667
4 0.55859375 0.532552083333 0.0234375 0.03125
4 0.59814453125 0.565104166667 0.0361328125 0.0442708333333
4 0.6552734375 0.546875 0.025390625 0.0416666666667
4 0.654296875 0.517578125 0.0234375 0.0247395833333
4 0.697265625 0.531901041667 0.0234375 0.0325520833333
4 0.763671875 0.515625 0.046875 0.0677083333333
4 0.7939453125 0.508463541667 0.01953125 0.0299479166667
4 0.89990234375 0.521484375 0.0205078125 0.03515625
4 0.9892578125 0.514322916667 0.01953125 0.0260416666667
