0 0.10875 0.310469314079 0.0425 0.086642599278
0 0.3275 0.287003610108 0.03 0.0685920577617
0 0.36375 0.27797833935 0.0625 0.137184115523
0 0.5475 0.229241877256 0.07 0.13357400722
0 0.62625 0.281588447653 0.0525 0.101083032491
0 0.73125 0.287003610108 0.0375 0.0830324909747
0 0.85 0.281588447653 0.05 0.101083032491
0 0.88375 0.27797833935 0.0325 0.0794223826715
0 0.9425 0.310469314079 0.035 0.0649819494585
3 0.7925 0.258122743682 0.07 0.13357400722
3 0.67625 0.297833935018 0.0525 0.0974729241877
3 0.1575 0.294223826715 0.07 0.13357400722
3 0.205 0.274368231047 0.04 0.0938628158845
0 0.4875 0.292418772563 0.025 0.043321299639
