3 0.805 0.551204819277 0.054 0.102409638554
3 0.876 0.540662650602 0.036 0.0632530120482
3 0.698 0.543674698795 0.044 0.0753012048193
3 0.663 0.531626506024 0.034 0.0512048192771
3 0.578 0.546686746988 0.036 0.0692771084337
3 0.541 0.536144578313 0.03 0.0481927710843
3 0.505 0.501506024096 0.022 0.0331325301205
3 0.454 0.527108433735 0.036 0.0602409638554
2 0.755 0.525602409639 0.042 0.0753012048193
1 0.928 0.527108433735 0.032 0.0542168674699
3 0.368 0.528614457831 0.032 0.0512048192771
3 0.322 0.519578313253 0.028 0.0451807228916
3 0.26 0.527108433735 0.028 0.0481927710843
3 0.221 0.515060240964 0.03 0.0481927710843
3 0.187 0.510542168675 0.03 0.0451807228916
3 0.155 0.496987951807 0.022 0.0481927710843
2 0.136 0.507530120482 0.02 0.039156626506
3 0.099 0.501506024096 0.018 0.0331325301205
2 0.063 0.5 0.018 0.0301204819277
3 0.019 0.489457831325 0.018 0.0331325301205
3 0.968 0.518072289157 0.024 0.0542168674699
