1 0.0276243093923 0.38112745098 0.0220994475138 0.0416666666667
1 0.125690607735 0.294117647059 0.0690607734807 0.132352941176
1 0.389502762431 0.386029411765 0.0552486187845 0.0857843137255
1 0.475138121547 0.377450980392 0.0386740331492 0.0686274509804
1 0.528314917127 0.376225490196 0.0372928176796 0.0661764705882
1 0.569751381215 0.359068627451 0.0262430939227 0.0514705882353
2 0.594613259669 0.356617647059 0.0234806629834 0.0563725490196
2 0.648480662983 0.372549019608 0.0262430939227 0.0490196078431
1 0.799033149171 0.269607843137 0.0372928176796 0.078431372549
2 0.302486187845 0.414215686275 0.0441988950276 0.078431372549
2 0.439226519337 0.382352941176 0.0359116022099 0.0686274509804
1 0.223756906077 0.427696078431 0.0552486187845 0.110294117647
