1 0.18 0.465290806754 0.0225 0.0300187617261
1 0.22875 0.563789868668 0.0225 0.0356472795497
1 0.296875 0.484052532833 0.02375 0.0412757973734
1 0.31875 0.58818011257 0.02 0.0393996247655
1 0.361875 0.591932457786 0.02375 0.0393996247655
1 0.3375 0.439962476548 0.02 0.0431519699812
1 0.3575 0.404315196998 0.0175 0.031894934334
1 0.431875 0.259849906191 0.01625 0.0281425891182
1 0.468125 0.239212007505 0.01875 0.0281425891182
1 0.563125 0.239212007505 0.02125 0.0356472795497
1 0.506875 0.459662288931 0.02375 0.0375234521576
1 0.58 0.469981238274 0.02 0.031894934334
1 0.65625 0.414634146341 0.0225 0.0337711069418
1 0.631875 0.574108818011 0.02375 0.0375234521576
1 0.675625 0.453095684803 0.02125 0.031894934334
1 0.71 0.41181988743 0.02 0.031894934334
1 0.813125 0.432457786116 0.02125 0.0431519699812
1 0.8925 0.482176360225 0.0225 0.0412757973734
1 0.9575 0.419324577861 0.0225 0.0431519699812
2 0.134375 0.444652908068 0.02125 0.0375234521576
1 0.775 0.217636022514 0.015 0.0300187617261
