2 0.105333333333 0.515111111111 0.0346666666667 0.0506666666667
2 0.201666666667 0.514222222222 0.026 0.0435555555556
2 0.266 0.520444444444 0.0253333333333 0.0417777777778
2 0.292666666667 0.525777777778 0.0266666666667 0.0382222222222
2 0.333666666667 0.564888888889 0.0286666666667 0.0471111111111
2 0.349 0.552444444444 0.026 0.0435555555556
2 0.414666666667 0.570222222222 0.032 0.0435555555556
2 0.417333333333 0.536 0.0226666666667 0.0248888888889
2 0.43 0.511111111111 0.0293333333333 0.0391111111111
2 0.446666666667 0.480888888889 0.0253333333333 0.0408888888889
2 0.471 0.520444444444 0.0273333333333 0.04
2 0.478333333333 0.566666666667 0.0326666666667 0.0471111111111
2 0.497 0.519555555556 0.022 0.0328888888889
2 0.522 0.577777777778 0.0346666666667 0.0515555555556
2 0.559333333333 0.556444444444 0.0333333333333 0.0391111111111
2 0.551 0.528444444444 0.0286666666667 0.04
2 0.590333333333 0.512444444444 0.0246666666667 0.0435555555556
2 0.611666666667 0.513777777778 0.0233333333333 0.0462222222222
2 0.647666666667 0.554666666667 0.03 0.048
2 0.662666666667 0.511555555556 0.0253333333333 0.0382222222222
2 0.694666666667 0.531111111111 0.032 0.0417777777778
2 0.715333333333 0.557333333333 0.0306666666667 0.0462222222222
2 0.749666666667 0.504444444444 0.0246666666667 0.0364444444444
2 0.863666666667 0.535555555556 0.0246666666667 0.0364444444444
2 0.894666666667 0.523111111111 0.032 0.0435555555556
