2 0.00955882352941 0.39362745098 0.0191176470588 0.0578431372549
2 0.117647058824 0.349019607843 0.0794117647059 0.119607843137
2 0.225 0.318137254902 0.0573529411765 0.0872549019608
2 0.238235294118 0.366666666667 0.0205882352941 0.0411764705882
2 0.319117647059 0.298039215686 0.0367647058824 0.078431372549
2 0.380147058824 0.338235294118 0.0470588235294 0.078431372549
2 0.437867647059 0.351470588235 0.0198529411765 0.0343137254902
2 0.489705882353 0.338725490196 0.0176470588235 0.0362745098039
2 0.509926470588 0.379901960784 0.0492647058824 0.093137254902
2 0.554779411765 0.357352941176 0.0213235294118 0.0362745098039
2 0.650735294118 0.347549019608 0.0691176470588 0.11862745098
2 0.726838235294 0.354411764706 0.0213235294118 0.0323529411765
2 0.801470588235 0.351960784314 0.0176470588235 0.0294117647059
2 0.824632352941 0.35637254902 0.0139705882353 0.0264705882353
2 0.847426470588 0.360784313725 0.0183823529412 0.0254901960784
2 0.898161764706 0.366176470588 0.0154411764706 0.0245098039216
2 0.926470588235 0.34362745098 0.025 0.0362745098039
2 0.570588235294 0.353431372549 0.0147058823529 0.0245098039216
4 0.611764705882 0.354901960784 0.0132352941176 0.0294117647059
