1 0.233142857143 0.635351966874 0.0211428571429 0.0388198757764
1 0.299857142857 0.618530020704 0.0265714285714 0.0548654244306
1 0.323714285714 0.640010351967 0.0182857142857 0.0388198757764
1 0.379571428571 0.597308488613 0.0214285714286 0.047619047619
1 0.450428571429 0.614130434783 0.0225714285714 0.0512422360248
1 0.520285714286 0.640786749482 0.0182857142857 0.0383022774327
1 0.582285714286 0.635093167702 0.0211428571429 0.0424430641822
1 0.627428571429 0.626035196687 0.0188571428571 0.0388198757764
1 0.691571428571 0.626811594203 0.0225714285714 0.0424430641822
1 0.765428571429 0.604296066253 0.0262857142857 0.046066252588
1 0.898571428571 0.616718426501 0.0274285714286 0.046066252588
