3 0.282608695652 0.643790849673 0.0231884057971 0.041394335512
3 0.392028985507 0.637254901961 0.0217391304348 0.0501089324619
3 0.352173913043 0.660130718954 0.0144927536232 0.0261437908497
3 0.490579710145 0.668845315904 0.0130434782609 0.0261437908497
3 0.616666666667 0.618736383442 0.0217391304348 0.0479302832244
3 0.68768115942 0.659041394336 0.0130434782609 0.0239651416122
1 0.702173913043 0.654684095861 0.0130434782609 0.0196078431373
1 0.741304347826 0.647058823529 0.0101449275362 0.0217864923747
1 0.792753623188 0.653594771242 0.0144927536232 0.0261437908497
0 0.468115942029 0.655773420479 0.0173913043478 0.0305010893246
2 0.426086956522 0.647058823529 0.0231884057971 0.0479302832244
2 0.321739130435 0.642701525054 0.0231884057971 0.0479302832244
