4 0.0962962962963 0.324074074074 0.0740740740741 0.12962962963
4 0.28024691358 0.381481481481 0.041975308642 0.0666666666667
4 0.31975308642 0.362962962963 0.0567901234568 0.103703703704
4 0.362962962963 0.383333333333 0.0345679012346 0.0703703703704
4 0.395061728395 0.381481481481 0.0296296296296 0.0518518518519
4 0.455555555556 0.331481481481 0.0518518518519 0.1
4 0.538271604938 0.405555555556 0.0296296296296 0.062962962963
4 0.565432098765 0.394444444444 0.0395061728395 0.0703703703704
4 0.60987654321 0.401851851852 0.0345679012346 0.062962962963
4 0.662962962963 0.405555555556 0.0271604938272 0.0555555555556
4 0.793827160494 0.318518518519 0.0518518518519 0.103703703704
4 0.449382716049 0.509259259259 0.0938271604938 0.151851851852
0 0.70987654321 0.364814814815 0.0765432098765 0.137037037037
