0 0.02978515625 0.41244870041 0.0576171875 0.0971272229822
0 0.20166015625 0.410396716826 0.0576171875 0.0902872777018
0 0.236328125 0.450068399453 0.033203125 0.0711354309166
0 0.28466796875 0.40560875513 0.0205078125 0.0341997264022
0 0.5009765625 0.413816689466 0.029296875 0.0478796169631
0 0.5302734375 0.417920656635 0.02734375 0.0478796169631
0 0.630859375 0.413132694938 0.0390625 0.06292749658
0 0.669921875 0.439124487004 0.025390625 0.046511627907
0 0.7333984375 0.417920656635 0.048828125 0.0834473324213
0 0.7998046875 0.420656634747 0.044921875 0.0725034199726
0 0.86962890625 0.446648426813 0.0419921875 0.0642954856361
