3 0.127659574468 0.0825688073394 0.127659574468 0.139449541284
3 0.232978723404 0.253211009174 0.0702127659574 0.0660550458716
3 0.295744680851 0.3 0.0765957446809 0.0788990825688
3 0.610638297872 0.223853211009 0.0382978723404 0.051376146789
3 0.571276595745 0.167889908257 0.031914893617 0.0385321100917
3 0.624468085106 0.177064220183 0.031914893617 0.0385321100917
0 0.663829787234 0.16880733945 0.0340425531915 0.0403669724771
0 0.425531914894 0.577064220183 0.0510638297872 0.045871559633
0 0.298936170213 0.175229357798 0.031914893617 0.0385321100917
2 0.229787234043 0.179816513761 0.0297872340426 0.0366972477064
4 0.348936170213 0.174311926606 0.0255319148936 0.0330275229358
1 0.486170212766 0.205504587156 0.031914893617 0.0366972477064
2 0.726595744681 0.16880733945 0.0787234042553 0.0807339449541
3 0.628723404255 0.304587155963 0.0489361702128 0.0477064220183
1 0.773404255319 0.161467889908 0.031914893617 0.0403669724771
