4 0.15 0.278333333333 0.0244444444444 0.05
4 0.175555555556 0.271666666667 0.04 0.07
4 0.271111111111 0.268333333333 0.0355555555556 0.0566666666667
4 0.363333333333 0.276666666667 0.0288888888889 0.0533333333333
4 0.413333333333 0.278333333333 0.0355555555556 0.0633333333333
4 0.451111111111 0.298333333333 0.0177777777778 0.0366666666667
4 0.495555555556 0.271666666667 0.0222222222222 0.0433333333333
4 0.533333333333 0.275 0.0355555555556 0.0633333333333
4 0.56 0.285 0.0222222222222 0.05
4 0.605555555556 0.295 0.0244444444444 0.0366666666667
4 0.67 0.281666666667 0.0244444444444 0.0433333333333
4 0.705555555556 0.265 0.0466666666667 0.0766666666667
4 0.747777777778 0.295 0.0244444444444 0.0433333333333
4 0.892222222222 0.276666666667 0.0288888888889 0.0533333333333
4 0.931111111111 0.285 0.0222222222222 0.0433333333333
