4 0.658181818182 0.371428571429 0.0327272727273 0.0628571428571
4 0.464545454545 0.382857142857 0.0345454545455 0.0628571428571
4 0.365454545455 0.374285714286 0.0363636363636 0.0685714285714
4 0.194545454545 0.374285714286 0.0436363636364 0.0742857142857
3 0.417272727273 0.381428571429 0.0236363636364 0.0542857142857
3 0.339090909091 0.401428571429 0.0236363636364 0.0485714285714
3 0.549090909091 0.37 0.0254545454545 0.0485714285714
1 0.578181818182 0.371428571429 0.0290909090909 0.0571428571429
3 0.06 0.338571428571 0.0472727272727 0.105714285714
3 0.14 0.407142857143 0.0327272727273 0.0657142857143
3 0.0181818181818 0.385714285714 0.0327272727273 0.0628571428571
