1 0.208092485549 0.652777777778 0.0404624277457 0.0944444444444
1 0.204479768786 0.495833333333 0.0332369942197 0.075
1 0.128612716763 0.275 0.014450867052 0.0333333333333
1 0.142341040462 0.225 0.0130057803468 0.0333333333333
1 0.170520231214 0.206944444444 0.014450867052 0.0305555555556
1 0.174855491329 0.275 0.0173410404624 0.0333333333333
1 0.21387283237 0.272222222222 0.0173410404624 0.0333333333333
1 0.21676300578 0.338888888889 0.0173410404624 0.0444444444444
1 0.168352601156 0.333333333333 0.0187861271676 0.0388888888889
1 0.174855491329 0.366666666667 0.0202312138728 0.0444444444444
1 0.187138728324 0.4125 0.021676300578 0.0527777777778
0 0.285404624277 0.552777777778 0.0361271676301 0.0777777777778
