1 0.88125 0.765454545455 0.025 0.04
1 0.7575 0.68 0.0225 0.0327272727273
1 0.6925 0.645454545455 0.0225 0.0363636363636
1 0.84875 0.645454545455 0.0175 0.0254545454545
1 0.865625 0.581818181818 0.00875 0.0145454545455
1 0.93875 0.582727272727 0.01 0.02
1 0.923125 0.58 0.01125 0.0181818181818
1 0.919375 0.531818181818 0.00875 0.0163636363636
1 0.263125 0.700909090909 0.02125 0.0309090909091
1 0.171875 0.567272727273 0.02125 0.0290909090909
1 0.035625 0.713636363636 0.02375 0.0381818181818
1 0.070625 0.624545454545 0.01875 0.0272727272727
0 0.130625 0.550909090909 0.02125 0.0290909090909
2 0.23125 0.558181818182 0.015 0.0254545454545
2 0.271875 0.555454545455 0.01625 0.0272727272727
1 0.695625 0.820909090909 0.02375 0.0381818181818
4 0.14375 0.567272727273 0.02 0.0290909090909
