2 0.557142857143 0.269509981851 0.0224489795918 0.0417422867514
2 0.582142857143 0.300362976407 0.019387755102 0.049001814882
2 0.658673469388 0.301270417423 0.0214285714286 0.0508166969147
2 0.557142857143 0.406533575318 0.0224489795918 0.043557168784
2 0.56887755102 0.501814882033 0.0214285714286 0.049001814882
2 0.594387755102 0.596188747731 0.0214285714286 0.0453720508167
2 0.563775510204 0.766787658802 0.0377551020408 0.0671506352087
2 0.675510204082 0.568058076225 0.0224489795918 0.043557168784
2 0.702040816327 0.602540834846 0.0224489795918 0.0471869328494
2 0.723979591837 0.612522686025 0.0255102040816 0.049001814882
2 0.780102040816 0.649727767695 0.0275510204082 0.05444646098
3 0.633673469388 0.587114337568 0.0224489795918 0.038112522686
3 0.669897959184 0.744101633394 0.0316326530612 0.0617059891107
3 0.814795918367 0.796733212341 0.0377551020408 0.0725952813067
0 0.834693877551 0.685117967332 0.0265306122449 0.0562613430127
0 0.901530612245 0.685117967332 0.0295918367347 0.0562613430127
