1 0.08251953125 0.371527777778 0.0595703125 0.114583333333
1 0.30322265625 0.373263888889 0.0595703125 0.111111111111
1 0.4375 0.359375 0.0546875 0.121527777778
1 0.7666015625 0.434895833333 0.0546875 0.119791666667
0 0.6826171875 0.639756944444 0.044921875 0.116319444444
0 0.57373046875 0.637152777778 0.0537109375 0.121527777778
4 0.4482421875 0.552951388889 0.048828125 0.102430555556
4 0.32861328125 0.638020833333 0.0556640625 0.119791666667
1 0.873046875 0.308159722222 0.05859375 0.126736111111
1 0.91650390625 0.512152777778 0.0341796875 0.104166666667
