2 0.0943548387097 0.178278688525 0.104838709677 0.155737704918
2 0.025 0.197745901639 0.0467741935484 0.116803278689
2 0.354032258065 0.318647540984 0.0564516129032 0.100409836066
2 0.464516129032 0.368852459016 0.0483870967742 0.0819672131148
2 0.416129032258 0.393442622951 0.0451612903226 0.0655737704918
2 0.184677419355 0.338114754098 0.0403225806452 0.0573770491803
2 0.566129032258 0.376024590164 0.041935483871 0.0717213114754
2 0.525 0.415983606557 0.0274193548387 0.0450819672131
2 0.778225806452 0.19262295082 0.104838709677 0.147540983607
3 0.903225806452 0.28893442623 0.058064516129 0.102459016393
