4 0.0485 0.623727735369 0.039 0.0629770992366
4 0.147 0.553117048346 0.034 0.0617048346056
4 0.17075 0.576972010178 0.0345 0.0559796437659
4 0.21125 0.60655216285 0.0315 0.045165394402
4 0.2645 0.620547073791 0.034 0.0578880407125
4 0.30025 0.60941475827 0.0305 0.0432569974555
4 0.404 0.597010178117 0.026 0.0464376590331
4 0.43975 0.517493638677 0.0375 0.0667938931298
4 0.588 0.641857506361 0.041 0.0674300254453
4 0.74775 0.519083969466 0.0385 0.0712468193384
4 0.913 0.497773536896 0.053 0.0795165394402
4 0.97425 0.48727735369 0.0285 0.0445292620865
