2 0.78564453125 0.120790629575 0.1064453125 0.188872620791
2 0.5986328125 0.265739385066 0.07421875 0.153733528551
2 0.45947265625 0.346266471449 0.0615234375 0.115666178624
2 0.3837890625 0.461200585652 0.01953125 0.0439238653001
2 0.341796875 0.411420204978 0.060546875 0.12298682284
2 0.28125 0.417276720351 0.052734375 0.111273792094
2 0.24560546875 0.456808199122 0.0341796875 0.0644216691069
2 0.22314453125 0.493411420205 0.0224609375 0.0585651537335
2 0.19921875 0.510248901903 0.017578125 0.0512445095168
2 0.18017578125 0.52635431918 0.0244140625 0.0512445095168
2 0.1630859375 0.519033674963 0.01953125 0.0453879941435
2 0.14501953125 0.551976573939 0.0185546875 0.0409956076135
