1 0.36279296875 0.216691068814 0.0537109375 0.0849194729136
1 0.60107421875 0.421669106881 0.0400390625 0.0732064421669
1 0.708984375 0.480966325037 0.015625 0.0219619326501
1 0.84375 0.320644216691 0.0703125 0.0937042459736
0 0.1435546875 0.63616398243 0.06640625 0.103953147877
3 0.2236328125 0.478770131772 0.005859375 0.0146412884334
0 0.1923828125 0.494875549048 0.005859375 0.0117130307467
1 0.15625 0.49121522694 0.005859375 0.01317715959
0 0.97607421875 0.541727672035 0.0068359375 0.0117130307467
2 0.111328125 0.332357247438 0.048828125 0.0849194729136
