3 0.133571428571 0.620985010707 0.0328571428571 0.051391862955
3 0.202142857143 0.523554603854 0.0271428571429 0.0449678800857
3 0.453571428571 0.557815845824 0.03 0.0535331905782
3 0.458571428571 0.466809421842 0.0285714285714 0.051391862955
1 0.55 0.463597430407 0.0285714285714 0.0492505353319
3 0.609285714286 0.446466809422 0.03 0.0492505353319
2 0.514285714286 0.556745182013 0.0314285714286 0.051391862955
2 0.399285714286 0.536402569593 0.03 0.0535331905782
2 0.319285714286 0.595289079229 0.03 0.0599571734475
2 0.585714285714 0.521413276231 0.0371428571429 0.0535331905782
2 0.665714285714 0.522483940043 0.0371428571429 0.051391862955
2 0.649285714286 0.442184154176 0.0328571428571 0.0535331905782
1 0.337857142857 0.435760171306 0.0242857142857 0.0492505353319
1 0.920714285714 0.47965738758 0.03 0.051391862955
1 0.870714285714 0.372591006424 0.0271428571429 0.0471092077088
1 0.908571428571 0.377944325482 0.0257142857143 0.0406852248394
1 0.828571428571 0.334047109208 0.0257142857143 0.051391862955
2 0.820714285714 0.391862955032 0.03 0.0556745182013
2 0.923571428571 0.407922912206 0.03 0.0535331905782
2 0.754285714286 0.442184154176 0.0314285714286 0.0492505353319
3 0.226428571429 0.612419700214 0.0271428571429 0.0471092077088
