4 0.726086956522 0.43 0.0385093167702 0.0777777777778
3 0.63602484472 0.427777777778 0.0273291925466 0.06
1 0.519875776398 0.427777777778 0.0360248447205 0.0777777777778
1 0.112422360248 0.401111111111 0.0186335403727 0.0422222222222
2 0.186335403727 0.448888888889 0.0248447204969 0.0577777777778
2 0.336645962733 0.44 0.0347826086957 0.0711111111111
2 0.427950310559 0.463333333333 0.0186335403727 0.0422222222222
4 0.150931677019 0.27 0.0136645962733 0.0288888888889
0 0.250931677019 0.344444444444 0.0173913043478 0.0355555555556
0 0.327329192547 0.362222222222 0.0186335403727 0.0355555555556
0 0.398136645963 0.438888888889 0.0211180124224 0.0555555555556
0 0.46397515528 0.452222222222 0.023602484472 0.0511111111111
0 0.554658385093 0.417777777778 0.0186335403727 0.04
3 0.432298136646 0.403333333333 0.0149068322981 0.0377777777778
3 0.0925465838509 0.316666666667 0.016149068323 0.0377777777778
0 0.195652173913 0.253333333333 0.0111801242236 0.0311111111111
3 0.304347826087 0.451111111111 0.0173913043478 0.04
1 0.24099378882 0.465555555556 0.0149068322981 0.0288888888889
