4 0.717252396166 0.665060240964 0.0607028753994 0.106024096386
4 0.939297124601 0.874698795181 0.0702875399361 0.0915662650602
4 0.803514376997 0.466265060241 0.0607028753994 0.103614457831
4 0.698881789137 0.443373493976 0.0495207667732 0.101204819277
4 0.476837060703 0.295180722892 0.0623003194888 0.10843373494
4 0.462460063898 0.502409638554 0.0591054313099 0.0939759036145
4 0.357028753994 0.442168674699 0.0591054313099 0.103614457831
4 0.346645367412 0.30843373494 0.0607028753994 0.115662650602
4 0.245207667732 0.414457831325 0.0591054313099 0.0771084337349
4 0.283546325879 0.148192771084 0.055910543131 0.103614457831
