1 0.235820895522 0.632625994695 0.0208955223881 0.0450928381963
1 0.302985074627 0.618037135279 0.0268656716418 0.0583554376658
1 0.327611940299 0.636604774536 0.0194029850746 0.0477453580902
1 0.385074626866 0.59549071618 0.0238805970149 0.0450928381963
1 0.45671641791 0.611405835544 0.0238805970149 0.0503978779841
1 0.527611940299 0.636604774536 0.0194029850746 0.0371352785146
1 0.591044776119 0.632625994695 0.0208955223881 0.0397877984085
1 0.638059701493 0.623342175066 0.0194029850746 0.0424403183024
1 0.703731343284 0.623342175066 0.0223880597015 0.0424403183024
1 0.779850746269 0.606100795756 0.0283582089552 0.0557029177719
1 0.914179104478 0.616710875332 0.0253731343284 0.0450928381963
