2 0.206666666667 0.602777777778 0.0266666666667 0.05
2 0.225 0.563888888889 0.0233333333333 0.05
2 0.255 0.580555555556 0.0233333333333 0.05
2 0.311666666667 0.727777777778 0.03 0.0555555555556
2 0.281666666667 0.663888888889 0.03 0.05
2 0.356666666667 0.605555555556 0.0266666666667 0.0555555555556
2 0.406666666667 0.555555555556 0.0266666666667 0.0444444444444
2 0.151666666667 0.35 0.0233333333333 0.0444444444444
2 0.11 0.316666666667 0.0266666666667 0.0444444444444
1 0.34 0.577777777778 0.02 0.0444444444444
1 0.516666666667 0.491666666667 0.02 0.0388888888889
1 0.781666666667 0.586111111111 0.0233333333333 0.0388888888889
3 0.75 0.608333333333 0.02 0.0388888888889
0 0.713333333333 0.647222222222 0.0266666666667 0.05
