1 0.957415803109 0.301799610895 0.0761010362694 0.178501945525
1 0.892810880829 0.313229571984 0.0686528497409 0.18093385214
1 0.826424870466 0.24173151751 0.074481865285 0.162451361868
1 0.759067357513 0.269941634241 0.0615284974093 0.151750972763
1 0.595693005181 0.271887159533 0.0825777202073 0.152723735409
1 0.627752590674 0.225437743191 0.056670984456 0.121108949416
1 0.520401554404 0.258754863813 0.0693005181347 0.160505836576
1 0.483160621762 0.222519455253 0.0550518134715 0.140564202335
4 0.419527202073 0.269455252918 0.0586139896373 0.11186770428
1 0.34067357513 0.244649805447 0.0608808290155 0.143968871595
1 0.274449481865 0.200389105058 0.077396373057 0.147859922179
1 0.212435233161 0.240515564202 0.0602331606218 0.128891050584
1 0.149125647668 0.218628404669 0.0540803108808 0.107490272374
4 0.167260362694 0.250243190661 0.0391839378238 0.100680933852
1 0.074481865285 0.228112840467 0.0634715025907 0.124513618677
