0 0.062 0.388636363636 0.0386666666667 0.0772727272727
0 0.830666666667 0.365909090909 0.0346666666667 0.0863636363636
4 0.738666666667 0.396590909091 0.032 0.0704545454545
4 0.718 0.361363636364 0.0306666666667 0.0636363636364
4 0.703333333333 0.405681818182 0.036 0.0659090909091
4 0.645333333333 0.393181818182 0.0293333333333 0.0681818181818
4 0.612666666667 0.404545454545 0.0333333333333 0.0727272727273
4 0.596666666667 0.3875 0.028 0.0613636363636
4 0.519333333333 0.369318181818 0.0333333333333 0.0659090909091
4 0.433333333333 0.396590909091 0.032 0.0613636363636
4 0.366 0.431818181818 0.0333333333333 0.0636363636364
4 0.297333333333 0.414772727273 0.0346666666667 0.0704545454545
4 0.22 0.381818181818 0.0373333333333 0.0681818181818
4 0.15 0.417045454545 0.0306666666667 0.0659090909091
