2 0.0225 0.801515151515 0.025 0.0515151515152
2 0.0533333333333 0.624242424242 0.0233333333333 0.0484848484848
2 0.114166666667 0.642424242424 0.0216666666667 0.0484848484848
2 0.196666666667 0.693939393939 0.0233333333333 0.0484848484848
2 0.235 0.766666666667 0.0233333333333 0.0484848484848
2 0.274166666667 0.542424242424 0.0216666666667 0.0484848484848
2 0.340833333333 0.545454545455 0.0216666666667 0.0484848484848
2 0.4275 0.575757575758 0.0216666666667 0.0484848484848
2 0.378333333333 0.459090909091 0.02 0.0454545454545
2 0.44 0.321212121212 0.02 0.0484848484848
2 0.4575 0.475757575758 0.0216666666667 0.0424242424242
2 0.545 0.404545454545 0.02 0.0454545454545
3 0.5675 0.313636363636 0.0216666666667 0.0393939393939
2 0.59 0.313636363636 0.02 0.0454545454545
2 0.61 0.392424242424 0.0233333333333 0.0393939393939
2 0.64 0.315151515152 0.02 0.0424242424242
2 0.618333333333 0.181818181818 0.02 0.0424242424242
2 0.643333333333 0.160606060606 0.0166666666667 0.0363636363636
2 0.663333333333 0.116666666667 0.02 0.0393939393939
2 0.665833333333 0.174242424242 0.0183333333333 0.0393939393939
2 0.686666666667 0.180303030303 0.0166666666667 0.0454545454545
2 0.6975 0.236363636364 0.015 0.0363636363636
2 0.725833333333 0.109090909091 0.0183333333333 0.0424242424242
2 0.75 0.137878787879 0.0166666666667 0.0393939393939
2 0.774166666667 0.204545454545 0.0183333333333 0.0333333333333
2 0.756666666667 0.0712121212121 0.0166666666667 0.0393939393939
2 0.7775 0.0818181818182 0.0183333333333 0.0424242424242
2 0.794166666667 0.125757575758 0.0183333333333 0.0393939393939
2 0.845 0.0954545454545 0.02 0.0393939393939
2 0.876666666667 0.0484848484848 0.02 0.0363636363636
2 0.905833333333 0.0712121212121 0.0216666666667 0.0393939393939
2 0.9425 0.0318181818182 0.0183333333333 0.0393939393939
2 0.978333333333 0.0424242424242 0.02 0.0424242424242
