1 0.045 0.371225577265 0.032 0.0674955595027
4 0.329 0.781527531083 0.074 0.170515097691
4 0.394 0.727353463588 0.032 0.0657193605684
4 0.6855 0.921847246892 0.115 0.152753108348
4 0.782 0.756660746004 0.026 0.0497335701599
4 0.525 0.751332149201 0.03 0.0639431616341
2 0.6455 0.738010657194 0.037 0.0657193605684
2 0.676 0.734458259325 0.028 0.0586145648313
4 0.584 0.735346358792 0.018 0.0461811722913
4 0.982 0.595026642984 0.014 0.0284191829485
4 0.712 0.709591474245 0.01 0.0195381882771
1 0.611 0.696269982238 0.008 0.0142095914742
2 0.7435 0.713143872114 0.011 0.0195381882771
4 0.7535 0.726465364121 0.007 0.0142095914742
4 0.7275 0.709591474245 0.007 0.01243339254
