1 0.619230769231 0.62939481268 0.0174089068826 0.0299711815562
1 0.721862348178 0.418443804035 0.0194331983806 0.0334293948127
1 0.661336032389 0.78242074928 0.0174089068826 0.0340057636888
3 0.546761133603 0.785878962536 0.0206477732794 0.0351585014409
1 0.383805668016 0.369740634006 0.0121457489879 0.0374639769452
2 0.307085020243 0.372334293948 0.0198380566802 0.0345821325648
1 0.014979757085 0.307492795389 0.0178137651822 0.0305475504323
1 0.963967611336 0.511527377522 0.0178137651822 0.0259365994236
1 0.308906882591 0.116714697406 0.017004048583 0.0328530259366
1 0.838866396761 0.0178674351585 0.0194331983806 0.0265129682997
