1 0.382258064516 0.472406181015 0.0806451612903 0.132450331126
1 0.45564516129 0.540838852097 0.0790322580645 0.114790286976
1 0.537903225806 0.408388520971 0.0629032258065 0.119205298013
1 0.64435483871 0.417218543046 0.0725806451613 0.110375275938
3 0.8 0.243929359823 0.0290322580645 0.0507726269316
2 0.660483870968 0.256070640177 0.0274193548387 0.0529801324503
2 0.237096774194 0.229580573951 0.0322580645161 0.0573951434879
2 0.151612903226 0.247240618102 0.0290322580645 0.0573951434879
2 0.104032258065 0.235099337748 0.0274193548387 0.0551876379691
2 0.0758064516129 0.23178807947 0.0322580645161 0.0529801324503
