2 0.208984375 0.411420204978 0.056640625 0.0937042459736
2 0.18212890625 0.45168374817 0.0595703125 0.095168374817
2 0.15625 0.5 0.064453125 0.0922401171303
2 0.16162109375 0.589311859444 0.0693359375 0.11859443631
2 0.29052734375 0.614934114202 0.0751953125 0.1317715959
2 0.30859375 0.536603221083 0.060546875 0.0922401171303
2 0.4375 0.537335285505 0.0546875 0.10541727672
2 0.51708984375 0.612737920937 0.0615234375 0.11859443631
2 0.595703125 0.483894582723 0.056640625 0.0980966325037
2 0.63818359375 0.401171303075 0.0478515625 0.0966325036603
2 0.70947265625 0.481698389458 0.0634765625 0.10541727672
2 0.8232421875 0.453147877013 0.044921875 0.10980966325
