2 0.179285714286 0.291428571429 0.0871428571429 0.133333333333
2 0.622857142857 0.292380952381 0.0742857142857 0.142857142857
2 0.76 0.32380952381 0.1 0.148571428571
2 0.829285714286 0.3 0.0328571428571 0.0552380952381
2 0.892142857143 0.292380952381 0.0414285714286 0.0590476190476
2 0.916428571429 0.326666666667 0.0528571428571 0.0857142857143
2 0.985 0.297142857143 0.0271428571429 0.110476190476
1 0.402142857143 0.32380952381 0.01 0.0190476190476
1 0.369285714286 0.327619047619 0.01 0.0152380952381
1 0.337857142857 0.325714285714 0.01 0.0152380952381
2 0.298571428571 0.329523809524 0.0142857142857 0.0190476190476
1 0.245 0.30380952381 0.01 0.0171428571429
1 0.110714285714 0.264761904762 0.0128571428571 0.0190476190476
1 0.106428571429 0.313333333333 0.0128571428571 0.0171428571429
1 0.0692857142857 0.315238095238 0.01 0.0171428571429
1 0.564285714286 0.330476190476 0.00857142857143 0.0133333333333
1 0.287857142857 0.312380952381 0.01 0.0152380952381
