2 0.27490234375 0.375 0.0380859375 0.0729166666667
2 0.41259765625 0.342447916667 0.0341796875 0.0677083333333
2 0.45849609375 0.371744791667 0.0380859375 0.0690104166667
2 0.50732421875 0.375651041667 0.0322265625 0.0638020833333
2 0.53857421875 0.37890625 0.0400390625 0.078125
2 0.60888671875 0.42578125 0.0458984375 0.0807291666667
2 0.625 0.378255208333 0.037109375 0.0611979166667
2 0.6884765625 0.344401041667 0.037109375 0.0716145833333
4 0.2216796875 0.376302083333 0.0390625 0.0598958333333
1 0.72802734375 0.361328125 0.0517578125 0.09765625
1 0.37109375 0.397786458333 0.041015625 0.0716145833333
3 0.3291015625 0.33203125 0.0390625 0.0703125
