2 0.316666666667 0.4203125 0.0666666666667 0.065625
2 0.239583333333 0.4390625 0.0291666666667 0.021875
2 0.20625 0.4234375 0.0291666666667 0.028125
2 0.177083333333 0.4234375 0.0291666666667 0.028125
2 0.104166666667 0.4375 0.0333333333333 0.0375
2 0.0708333333333 0.4296875 0.0333333333333 0.034375
2 0.358333333333 0.428125 0.025 0.025
2 0.389583333333 0.4328125 0.0291666666667 0.028125
2 0.425 0.421875 0.0416666666667 0.0375
2 0.591666666667 0.4125 0.0416666666667 0.0375
2 0.6625 0.415625 0.0583333333333 0.05625
2 0.74375 0.4140625 0.0375 0.034375
2 0.972916666667 0.409375 0.0458333333333 0.05
