4 0.137787723785 0.262075134168 0.0300511508951 0.0500894454383
4 0.233375959079 0.392665474061 0.0524296675192 0.0751341681574
4 0.298913043478 0.338998211091 0.0402813299233 0.0715563506261
4 0.338874680307 0.287119856887 0.0319693094629 0.0572450805009
4 0.275255754476 0.251341681574 0.0351662404092 0.0536672629696
2 0.214514066496 0.271019677996 0.0338874680307 0.0536672629696
4 0.361253196931 0.251341681574 0.0294117647059 0.0500894454383
4 0.386828644501 0.368067978533 0.0485933503836 0.0706618962433
4 0.384910485934 0.296511627907 0.0383631713555 0.0509838998211
4 0.421035805627 0.34481216458 0.0390025575448 0.0688729874776
4 0.452046035806 0.242844364937 0.0255754475703 0.0474060822898
4 0.534846547315 0.20885509839 0.0274936061381 0.0456171735242
4 0.565537084399 0.199910554562 0.0262148337596 0.0456171735242
4 0.526854219949 0.134168157424 0.0230179028133 0.0375670840787
4 0.595268542199 0.137745974955 0.0217391304348 0.0339892665474
4 0.631393861893 0.201252236136 0.0287723785166 0.0500894454383
4 0.604219948849 0.24686940966 0.0319693094629 0.0554561717352
4 0.54347826087 0.368515205725 0.0319693094629 0.0500894454383
4 0.50831202046 0.371198568873 0.042199488491 0.0679785330948
4 0.633631713555 0.347942754919 0.0242966751918 0.0536672629696
4 0.699168797954 0.23747763864 0.0300511508951 0.0563506261181
4 0.732097186701 0.268336314848 0.0409207161125 0.0572450805009
4 0.804028132992 0.200357781753 0.0300511508951 0.0429338103757
4 0.684462915601 0.127906976744 0.022378516624 0.0357781753131
