2 0.6555 0.285338345865 0.085 0.172180451128
2 0.57025 0.160902255639 0.0265 0.0526315789474
2 0.489 0.158270676692 0.011 0.0248120300752
0 0.467 0.159022556391 0.008 0.0142857142857
1 0.796 0.225563909774 0.028 0.0390977443609
1 0.44275 0.149248120301 0.0365 0.0654135338346
1 0.335 0.31015037594 0.053 0.101503759398
1 0.292 0.132330827068 0.054 0.0827067669173
3 0.07625 0.176315789474 0.0225 0.0353383458647
0 0.10775 0.237218045113 0.0215 0.0368421052632
0 0.1455 0.144360902256 0.011 0.0210526315789
0 0.177 0.145488721805 0.013 0.0233082706767
0 0.21175 0.146240601504 0.0085 0.0172932330827
