4 0.609375 0.450520833333 0.060546875 0.0833333333333
0 0.64501953125 0.0651041666667 0.0341796875 0.0651041666667
0 0.29150390625 0.466145833333 0.0322265625 0.0442708333333
0 0.1220703125 0.475260416667 0.052734375 0.0859375
3 0.29931640625 0.624348958333 0.0263671875 0.0481770833333
4 0.8916015625 0.463541666667 0.052734375 0.078125
4 0.96923828125 0.548828125 0.0146484375 0.0221354166667
4 0.98486328125 0.544921875 0.0146484375 0.0299479166667
4 0.03662109375 0.494140625 0.0107421875 0.0169270833333
4 0.07373046875 0.491536458333 0.0087890625 0.0143229166667
3 0.44921875 0.0846354166667 0.029296875 0.0572916666667
3 0.37744140625 0.430338541667 0.0283203125 0.0481770833333
