4 0.0643923240938 0.636415525114 0.0426439232409 0.0662100456621
4 0.19829424307 0.601312785388 0.037526652452 0.0599315068493
4 0.242857142857 0.587043378995 0.0422174840085 0.0702054794521
4 0.381236673774 0.541952054795 0.0315565031983 0.0576484018265
4 0.444136460554 0.63299086758 0.0115138592751 0.0216894977169
4 0.456289978678 0.628710045662 0.0102345415778 0.0199771689498
4 0.48315565032 0.630422374429 0.0153518123667 0.0336757990868
4 0.495309168443 0.64098173516 0.0115138592751 0.0194063926941
4 0.51855010661 0.636415525114 0.0144989339019 0.0205479452055
4 0.60447761194 0.637842465753 0.00810234541578 0.0142694063927
4 0.619829424307 0.642408675799 0.0106609808102 0.0131278538813
4 0.716631130064 0.62899543379 0.0473347547974 0.0673515981735
4 0.755650319829 0.459474885845 0.0264392324094 0.0445205479452
4 0.731556503198 0.456906392694 0.0251599147122 0.0450913242009
4 0.864179104478 0.371289954338 0.0405117270789 0.0587899543379
