2 0.621152052239 0.450044014085 0.015625 0.0356514084507
2 0.655433768657 0.455545774648 0.0146921641791 0.0352112676056
2 0.698577425373 0.445422535211 0.00909514925373 0.0158450704225
2 0.712103544776 0.432438380282 0.0100279850746 0.0215669014085
2 0.720848880597 0.431558098592 0.00932835820896 0.0198063380282
2 0.733442164179 0.425836267606 0.0111940298507 0.0224471830986
2 0.720032649254 0.465228873239 0.0128264925373 0.0299295774648
2 0.736357276119 0.536091549296 0.0170242537313 0.0352112676056
2 0.791394589552 0.444982394366 0.00816231343284 0.0211267605634
2 0.115438432836 0.463688380282 0.0251865671642 0.0532570422535
2 0.0289179104478 0.472051056338 0.00606343283582 0.0118838028169
2 0.00478078358209 0.588248239437 0.00956156716418 0.0338908450704
2 0.327891791045 0.451584507042 0.00652985074627 0.018485915493
2 0.395405783582 0.443661971831 0.00629664179104 0.0140845070423
2 0.430270522388 0.433318661972 0.00559701492537 0.012764084507
2 0.442630597015 0.43926056338 0.00559701492537 0.00968309859155
3 0.238456156716 0.494938380282 0.00536380597015 0.0145246478873
2 0.993819962687 0.399207746479 0.00536380597015 0.012323943662
2 0.98484141791 0.404929577465 0.00279850746269 0.00704225352113
2 0.987756529851 0.404929577465 0.00303171641791 0.00792253521127
