2 0.25 0.263480392157 0.0147058823529 0.0285947712418
2 0.181066176471 0.293300653595 0.0177696078431 0.0261437908497
2 0.24693627451 0.353758169935 0.015931372549 0.0261437908497
2 0.267463235294 0.375816993464 0.0189950980392 0.0277777777778
2 0.310049019608 0.392565359477 0.0196078431373 0.0285947712418
2 0.24387254902 0.472222222222 0.0196078431373 0.031045751634
2 0.262867647059 0.504901960784 0.0183823529412 0.0277777777778
2 0.24050245098 0.509803921569 0.0226715686275 0.031045751634
2 0.236213235294 0.556781045752 0.0214460784314 0.0302287581699
2 0.257659313725 0.562908496732 0.0214460784314 0.0326797385621
2 0.199754901961 0.520016339869 0.0220588235294 0.0285947712418
2 0.161151960784 0.379493464052 0.0220588235294 0.0302287581699
2 0.198529411765 0.428513071895 0.0196078431373 0.0285947712418
2 0.19362745098 0.451797385621 0.0220588235294 0.0261437908497
2 0.172794117647 0.450571895425 0.0208333333333 0.0302287581699
2 0.174019607843 0.500408496732 0.0220588235294 0.0269607843137
2 0.178308823529 0.563316993464 0.0257352941176 0.0269607843137
2 0.194852941176 0.597222222222 0.0257352941176 0.0294117647059
2 0.216605392157 0.636846405229 0.0275735294118 0.0351307189542
2 0.228860294118 0.695261437908 0.0263480392157 0.0326797385621
2 0.192095588235 0.689950980392 0.0214460784314 0.031862745098
2 0.207414215686 0.738970588235 0.0263480392157 0.0351307189542
2 0.165441176471 0.716503267974 0.0294117647059 0.0392156862745
2 0.157169117647 0.649918300654 0.0238970588235 0.031862745098
2 0.109375 0.299019607843 0.0189950980392 0.0277777777778
2 0.0885416666667 0.322303921569 0.0189950980392 0.0269607843137
2 0.0533088235294 0.30841503268 0.0183823529412 0.0269607843137
2 0.128982843137 0.361928104575 0.0202205882353 0.0294117647059
2 0.124387254902 0.450980392157 0.0232843137255 0.0261437908497
2 0.142769607843 0.522467320261 0.0245098039216 0.0285947712418
2 0.0912990196078 0.515114379085 0.0232843137255 0.0302287581699
2 0.0768995098039 0.475081699346 0.0238970588235 0.0302287581699
2 0.0370710784314 0.526552287582 0.0226715686275 0.031862745098
1 0.0680147058824 0.539624183007 0.0257352941176 0.0269607843137
2 0.125919117647 0.550245098039 0.0263480392157 0.0351307189542
2 0.094056372549 0.612336601307 0.0300245098039 0.0351307189542
2 0.0695465686275 0.600081699346 0.0263480392157 0.0302287581699
2 0.0477941176471 0.628267973856 0.0269607843137 0.0343137254902
2 0.0615808823529 0.68954248366 0.0263480392157 0.0359477124183
2 0.122549019608 0.699754901961 0.0269607843137 0.0367647058824
2 0.109681372549 0.730392156863 0.0257352941176 0.0392156862745
0 0.0667892156863 0.357434640523 0.0196078431373 0.0285947712418
0 0.0704656862745 0.399509803922 0.0232843137255 0.031045751634
1 0.119791666667 0.410947712418 0.0238970588235 0.0326797385621
1 0.119791666667 0.270833333333 0.0165441176471 0.0269607843137
1 0.194546568627 0.357026143791 0.0189950980392 0.0294117647059
0 0.233455882353 0.41135620915 0.0196078431373 0.0269607843137
2 0.00888480392157 0.565359477124 0.0177696078431 0.0359477124183
2 0.0137867647059 0.912173202614 0.0263480392157 0.0547385620915
2 0.139093137255 0.788807189542 0.0281862745098 0.0351307189542
2 0.164828431373 0.848039215686 0.030637254902 0.0408496732026
2 0.235294117647 0.829248366013 0.0257352941176 0.0408496732026
2 0.282475490196 0.775326797386 0.0257352941176 0.0343137254902
1 0.266850490196 0.624183006536 0.0226715686275 0.0343137254902
2 0.305147058824 0.598039215686 0.0208333333333 0.0343137254902
1 0.306985294118 0.647058823529 0.0196078431373 0.0326797385621
2 0.304840686275 0.683823529412 0.0189950980392 0.0375816993464
2 0.32506127451 0.730800653595 0.0238970588235 0.0367647058824
2 0.293198529412 0.824754901961 0.0263480392157 0.0400326797386
2 0.151041666667 0.945669934641 0.03125 0.0400326797386
2 0.246323529412 0.979166666667 0.030637254902 0.0400326797386
1 0.290134803922 0.959558823529 0.0263480392157 0.0416666666667
2 0.350796568627 0.604575163399 0.0214460784314 0.0277777777778
2 0.356924019608 0.643790849673 0.0251225490196 0.0359477124183
2 0.355392156863 0.688725490196 0.0208333333333 0.031045751634
2 0.380208333333 0.712826797386 0.0214460784314 0.031862745098
2 0.417892156863 0.376225490196 0.015931372549 0.0302287581699
2 0.481617647059 0.285539215686 0.015931372549 0.0269607843137
1 0.345588235294 0.790441176471 0.0232843137255 0.0351307189542
1 0.398590686275 0.798611111111 0.0238970588235 0.0367647058824
1 0.431678921569 0.618464052288 0.0202205882353 0.0277777777778
1 0.487745098039 0.609068627451 0.0220588235294 0.0334967320261
1 0.395220588235 0.977124183007 0.030637254902 0.0408496732026
2 0.344056372549 0.872549019608 0.0263480392157 0.0424836601307
2 0.380208333333 0.618464052288 0.0202205882353 0.031045751634
2 0.401960784314 0.643790849673 0.0232843137255 0.031045751634
2 0.416973039216 0.587009803922 0.0202205882353 0.0285947712418
2 0.420649509804 0.671160130719 0.0238970588235 0.0334967320261
2 0.427696078431 0.740196078431 0.0281862745098 0.0375816993464
2 0.44699754902 0.781862745098 0.0275735294118 0.0375816993464
2 0.446384803922 0.872140522876 0.0263480392157 0.0416666666667
2 0.454963235294 0.703022875817 0.0263480392157 0.0367647058824
2 0.451286764706 0.60089869281 0.0214460784314 0.0302287581699
2 0.483455882353 0.551062091503 0.0196078431373 0.0302287581699
2 0.482843137255 0.65114379085 0.0232843137255 0.0343137254902
2 0.504901960784 0.700571895425 0.0232843137255 0.0351307189542
2 0.541973039216 0.738970588235 0.0275735294118 0.0416666666667
2 0.496323529412 0.779003267974 0.0269607843137 0.0351307189542
2 0.549019607843 0.866830065359 0.0281862745098 0.0392156862745
2 0.608762254902 0.789624183007 0.0287990196078 0.0400326797386
2 0.528492647059 0.624183006536 0.0226715686275 0.0326797385621
2 0.523897058824 0.578431372549 0.0232843137255 0.0261437908497
2 0.520220588235 0.544117647059 0.0220588235294 0.0294117647059
2 0.591605392157 0.638888888889 0.0214460784314 0.0326797385621
2 0.602328431373 0.604983660131 0.0208333333333 0.0285947712418
2 0.586397058824 0.544934640523 0.0183823529412 0.0277777777778
2 0.595281862745 0.700980392157 0.0202205882353 0.0375816993464
2 0.627450980392 0.732026143791 0.0245098039216 0.031045751634
2 0.638786764706 0.680964052288 0.0238970588235 0.0334967320261
2 0.707414215686 0.71364379085 0.0263480392157 0.0334967320261
2 0.706495098039 0.636846405229 0.0232843137255 0.0334967320261
2 0.682291666667 0.60089869281 0.0238970588235 0.0285947712418
2 0.632046568627 0.53022875817 0.0238970588235 0.031045751634
2 0.560661764706 0.50204248366 0.0245098039216 0.0334967320261
2 0.562806372549 0.46364379085 0.0214460784314 0.0269607843137
2 0.583026960784 0.474673202614 0.0214460784314 0.0294117647059
2 0.628676470588 0.457924836601 0.0245098039216 0.0285947712418
2 0.685049019608 0.464052287582 0.0196078431373 0.0245098039216
2 0.727634803922 0.485702614379 0.0214460784314 0.0269607843137
2 0.753676470588 0.471405228758 0.0208333333333 0.0261437908497
2 0.758578431373 0.550653594771 0.0232843137255 0.0294117647059
2 0.698835784314 0.547794117647 0.0226715686275 0.031862745098
2 0.572916666667 0.354575163399 0.0183823529412 0.0277777777778
2 0.586397058824 0.378267973856 0.015931372549 0.0261437908497
2 0.579044117647 0.412173202614 0.0183823529412 0.0302287581699
2 0.553921568627 0.412581699346 0.0196078431373 0.0245098039216
2 0.615808823529 0.424019607843 0.0196078431373 0.0326797385621
2 0.630514705882 0.383986928105 0.0196078431373 0.0277777777778
2 0.553615196078 0.304738562092 0.0165441176471 0.0261437908497
2 0.557904411765 0.262254901961 0.0165441176471 0.0228758169935
2 0.620710784314 0.277777777778 0.0183823529412 0.0261437908497
2 0.700674019608 0.341911764706 0.0214460784314 0.0302287581699
2 0.71262254902 0.298611111111 0.0183823529412 0.0269607843137
2 0.693014705882 0.398284313725 0.0208333333333 0.0269607843137
3 0.695772058824 0.505718954248 0.0226715686275 0.031045751634
2 0.742647058824 0.412173202614 0.0208333333333 0.0269607843137
2 0.798713235294 0.435049019608 0.0238970588235 0.0285947712418
2 0.84068627451 0.434640522876 0.0208333333333 0.0294117647059
2 0.853860294118 0.571486928105 0.0263480392157 0.0334967320261
2 0.789215686275 0.49591503268 0.0257352941176 0.0343137254902
0 0.737132352941 0.78431372549 0.0281862745098 0.0359477124183
2 0.954350490196 0.74795751634 0.0275735294118 0.0367647058824
2 0.984068627451 0.69362745098 0.0269607843137 0.0408496732026
2 0.99050245098 0.84885620915 0.0177696078431 0.0392156862745
2 0.958026960784 0.925653594771 0.0337009803922 0.0522875816993
2 0.475490196078 0.984068627451 0.031862745098 0.0302287581699
2 0.851715686275 0.984477124183 0.0355392156863 0.0294117647059
2 0.760416666667 0.240604575163 0.0171568627451 0.0269607843137
2 0.806066176471 0.274509803922 0.0189950980392 0.0277777777778
0 0.797794117647 0.375816993464 0.0196078431373 0.0277777777778
1 0.913909313725 0.268382352941 0.0189950980392 0.0269607843137
2 0.939950980392 0.374183006536 0.0183823529412 0.0261437908497
4 0.950980392157 0.349264705882 0.015931372549 0.0269607843137
2 0.977328431373 0.319035947712 0.0183823529412 0.0269607843137
2 0.984987745098 0.396241830065 0.0165441176471 0.0294117647059
