4 0.060625 0.80981595092 0.06875 0.141104294479
4 0.1975 0.311349693252 0.025 0.0828220858896
4 0.219375 0.300613496933 0.02625 0.079754601227
4 0.3975 0.308282208589 0.0325 0.0950920245399
4 0.47125 0.342024539877 0.0325 0.0950920245399
4 0.661875 0.26226993865 0.02875 0.0950920245399
4 0.780625 0.223926380368 0.02625 0.0736196319018
4 0.7925 0.263803680982 0.0325 0.079754601227
4 0.875 0.280674846626 0.0375 0.101226993865
4 0.903125 0.220858895706 0.03875 0.0858895705521
4 0.915625 0.312883435583 0.04125 0.116564417178
2 0.84625 0.283742331288 0.0275 0.0950920245399
2 0.799375 0.342024539877 0.04375 0.10736196319
2 0.74375 0.266871165644 0.0325 0.0736196319018
2 0.735 0.328220858896 0.04 0.128834355828
2 0.686875 0.271472392638 0.02375 0.0889570552147
2 0.63625 0.28527607362 0.0325 0.110429447853
2 0.60375 0.269938650307 0.0275 0.0981595092025
2 0.58375 0.351226993865 0.0325 0.10736196319
2 0.554375 0.282208588957 0.03125 0.116564417178
2 0.50625 0.323619631902 0.03 0.10736196319
2 0.499375 0.253067484663 0.02625 0.0644171779141
2 0.4525 0.286809815951 0.0275 0.101226993865
2 0.434375 0.286809815951 0.01875 0.0889570552147
2 0.39375 0.251533742331 0.025 0.0552147239264
2 0.131875 0.351226993865 0.03125 0.10736196319
2 0.158125 0.305214723926 0.02625 0.0828220858896
2 0.1775 0.302147239264 0.02 0.0828220858896
2 0.25 0.325153374233 0.03 0.104294478528
2 0.268125 0.300613496933 0.02125 0.079754601227
2 0.30125 0.299079754601 0.0275 0.10736196319
2 0.353125 0.292944785276 0.02875 0.10736196319
2 0.07125 0.328220858896 0.035 0.0981595092025
