4 0.61963619403 0.450842696629 0.0335820895522 0.059691011236
4 0.491371268657 0.460323033708 0.0247201492537 0.0407303370787
4 0.433069029851 0.450842696629 0.0242537313433 0.0484550561798
4 0.419892723881 0.474543539326 0.0300839552239 0.0586376404494
4 0.377098880597 0.455582865169 0.0303171641791 0.0530196629213
4 0.368936567164 0.483497191011 0.0382462686567 0.0674157303371
4 0.335354477612 0.479108146067 0.0303171641791 0.0586376404494
4 0.173740671642 0.459269662921 0.040578358209 0.0709269662921
4 0.204874067164 0.47419241573 0.024953358209 0.0523174157303
4 0.214902052239 0.46330758427 0.0235541044776 0.0474016853933
4 0.0601679104478 0.446453651685 0.0363805970149 0.0579353932584
4 0.0949160447761 0.461025280899 0.0275186567164 0.0463483146067
4 0.139458955224 0.483146067416 0.0331156716418 0.0498595505618
4 0.0311333955224 0.484550561798 0.0566697761194 0.100421348315
4 0.81005130597 0.405547752809 0.0608675373134 0.0955056179775
4 0.876282649254 0.456109550562 0.0380130597015 0.063202247191
4 0.92723880597 0.428370786517 0.0788246268657 0.135533707865
