4 0.73203125 0.19875 0.1390625 0.27
4 0.27890625 0.3025 0.1140625 0.2275
4 0.4515625 0.37875 0.0765625 0.1375
4 0.5625 0.3925 0.0625 0.125
1 0.354296875 0.368125 0.01953125 0.04125
0 0.375390625 0.37 0.02265625 0.0525
4 0.39140625 0.38 0.0140625 0.0325
1 0.391015625 0.3475 0.01640625 0.0275
1 0.519140625 0.36375 0.01953125 0.045
2 0.598828125 0.336875 0.03515625 0.07625
0 0.630078125 0.370625 0.05859375 0.12375
2 0.85 0.31 0.0359375 0.07
2 0.912890625 0.359375 0.03203125 0.06125
2 0.958984375 0.34125 0.03359375 0.0825
2 0.021875 0.3 0.0296875 0.0725
0 0.048046875 0.358125 0.02578125 0.06125
