1 0.665833333333 0.360833333333 0.0123333333333 0.0233333333333
1 0.497666666667 0.336458333333 0.012 0.0229166666667
3 0.653333333333 0.661666666667 0.018 0.0366666666667
3 0.651333333333 0.6125 0.0146666666667 0.02
3 0.599 0.654791666667 0.0166666666667 0.0304166666667
3 0.552166666667 0.636875 0.0156666666667 0.02875
3 0.5205 0.658333333333 0.0163333333333 0.03
3 0.535666666667 0.587708333333 0.014 0.0295833333333
3 0.494166666667 0.587916666667 0.017 0.0291666666667
3 0.671333333333 0.600833333333 0.0146666666667 0.0283333333333
3 0.722333333333 0.588958333333 0.0153333333333 0.0295833333333
3 0.7475 0.594583333333 0.017 0.0316666666667
0 0.696166666667 0.596666666667 0.0143333333333 0.0266666666667
3 0.409833333333 0.631458333333 0.017 0.0295833333333
3 0.463666666667 0.651458333333 0.018 0.0320833333333
3 0.455 0.60125 0.0146666666667 0.025
3 0.423 0.598541666667 0.0146666666667 0.02625
3 0.339 0.583333333333 0.016 0.0266666666667
3 0.309 0.567083333333 0.018 0.03
0 0.3335 0.560833333333 0.0156666666667 0.0233333333333
2 0.0501666666667 0.554375 0.027 0.0395833333333
2 0.0861666666667 0.558541666667 0.019 0.0320833333333
2 0.135833333333 0.562291666667 0.0203333333333 0.0354166666667
2 0.165833333333 0.56625 0.0163333333333 0.0283333333333
2 0.183333333333 0.561041666667 0.0206666666667 0.0329166666667
2 0.223333333333 0.571666666667 0.018 0.0175
0 0.221 0.586041666667 0.0173333333333 0.0279166666667
2 0.244166666667 0.575833333333 0.0183333333333 0.0291666666667
2 0.278333333333 0.592083333333 0.0153333333333 0.0316666666667
0 0.282833333333 0.637708333333 0.023 0.03375
2 0.377333333333 0.590208333333 0.016 0.0254166666667
1 0.804166666667 0.590416666667 0.0183333333333 0.0266666666667
1 0.873666666667 0.589166666667 0.0173333333333 0.0283333333333
2 0.771166666667 0.580416666667 0.0163333333333 0.0291666666667
3 0.845 0.661666666667 0.02 0.0366666666667
2 0.898333333333 0.646458333333 0.02 0.0345833333333
2 0.912833333333 0.589375 0.0176666666667 0.0295833333333
2 0.962166666667 0.594791666667 0.0203333333333 0.0345833333333
1 0.8325 0.58875 0.0183333333333 0.0291666666667
