4 0.174375 0.331666666667 0.05625 0.103333333333
4 0.285 0.345833333333 0.0325 0.055
4 0.311875 0.36 0.01875 0.0333333333333
4 0.748125 0.286666666667 0.05875 0.0966666666667
3 0.429375 0.3425 0.08875 0.171666666667
2 0.380625 0.338333333333 0.03375 0.0966666666667
1 0.56 0.339166666667 0.085 0.128333333333
1 0.113125 0.355 0.02625 0.0433333333333
4 0.078125 0.3525 0.01875 0.0316666666667
1 0.059375 0.353333333333 0.01875 0.0366666666667
1 0.0225 0.353333333333 0.02 0.03
4 0.008125 0.358333333333 0.01625 0.0333333333333
