2 0.736041666667 0.60421875 0.00708333333333 0.0134375
2 0.729479166667 0.6003125 0.005625 0.010625
2 0.693125 0.6090625 0.00416666666667 0.006875
2 0.693020833333 0.5659375 0.00270833333333 0.005
2 0.716666666667 0.57640625 0.00291666666667 0.0053125
2 0.702395833333 0.584375 0.00270833333333 0.004375
2 0.773541666667 0.5915625 0.0025 0.003125
2 0.821770833333 0.58421875 0.00229166666667 0.0040625
2 0.917291666667 0.60125 0.00666666666667 0.010625
2 0.923020833333 0.5984375 0.005625 0.01
2 0.935729166667 0.593125 0.00645833333333 0.009375
2 0.965729166667 0.58609375 0.0235416666667 0.0290625
2 0.5278125 0.60953125 0.00479166666667 0.0084375
2 0.5490625 0.6046875 0.004375 0.006875
2 0.2459375 0.61 0.0352083333333 0.06125
2 0.204895833333 0.62203125 0.003125 0.0046875
2 0.191979166667 0.62171875 0.003125 0.0053125
2 0.309583333333 0.61125 0.0025 0.00375
2 0.316354166667 0.611875 0.00229166666667 0.00375
2 0.045 0.6165625 0.00333333333333 0.005
2 0.167291666667 0.5890625 0.00208333333333 0.00375
2 0.00552083333333 0.609375 0.00229166666667 0.00375
