0 0.091064453125 0.502590673575 0.17724609375 0.418948926721
0 0.243896484375 0.545521835677 0.12060546875 0.19096965211
0 0.32470703125 0.497409326425 0.0556640625 0.105107327905
0 0.419189453125 0.472242783124 0.01123046875 0.0222057735011
4 0.409423828125 0.477054034049 0.00830078125 0.0140636565507
4 0.35791015625 0.477794226499 0.01171875 0.0288675055514
2 0.4306640625 0.478904515174 0.0146484375 0.0236861584012
4 0.43994140625 0.475203552924 0.0068359375 0.0177646188009
2 0.443603515625 0.471872686899 0.00830078125 0.0185048112509
2 0.45947265625 0.490007401925 0.0302734375 0.0503330866025
2 0.487548828125 0.468171724648 0.02490234375 0.0377498149519
0 0.49267578125 0.5088823094 0.02734375 0.0643967431532
0 0.5244140625 0.454108068098 0.05859375 0.108808290155
1 0.703369140625 0.486676535899 0.03271484375 0.0762398223538
0 0.637451171875 0.476313841599 0.04052734375 0.0777202072539
0 0.60400390625 0.433012583272 0.0361328125 0.0725388601036
0 0.662353515625 0.467431532198 0.02001953125 0.0436713545522
2 0.677734375 0.475573649149 0.015625 0.0288675055514
0 0.72119140625 0.469652109548 0.0078125 0.0185048112509
2 0.736328125 0.468911917098 0.0146484375 0.0259067357513
2 0.781982421875 0.475943745374 0.01904296875 0.0340488527017
4 0.826416015625 0.540710584752 0.05517578125 0.104367135455
0 0.875244140625 0.528127313101 0.05908203125 0.099925980755
3 0.912841796875 0.467061435973 0.01513671875 0.0281273131014
1 0.94287109375 0.471872686899 0.017578125 0.0259067357513
4 0.916015625 0.568097705403 0.0244140625 0.040710584752
