2 0.243 0.271820448878 0.014 0.0249376558603
2 0.266 0.280548628429 0.02 0.0324189526185
3 0.446 0.302992518703 0.032 0.0423940149626
2 0.468 0.34289276808 0.06 0.0822942643392
2 0.444 0.436408977556 0.076 0.109725685786
1 0.52 0.315461346633 0.04 0.0473815461347
2 0.55 0.298004987531 0.04 0.0473815461347
4 0.581 0.322942643392 0.03 0.0374064837905
2 0.583 0.438902743142 0.098 0.129675810474
2 0.672 0.3927680798 0.092 0.112219451372
2 0.685 0.322942643392 0.066 0.0523690773067
2 0.694 0.274314214464 0.02 0.0299251870324
2 0.732 0.279301745636 0.024 0.0349127182045
4 0.759 0.299251870324 0.034 0.0399002493766
4 0.792 0.325436408978 0.048 0.0523690773067
4 0.801 0.275561097257 0.018 0.0224438902743
4 0.078 0.329177057357 0.036 0.0548628428928
2 0.113 0.350374064838 0.058 0.0822942643392
3 0.211 0.280548628429 0.026 0.0374064837905
4 0.237 0.335411471322 0.038 0.0573566084788
2 0.854 0.280548628429 0.044 0.0473815461347
2 0.883 0.437655860349 0.146 0.147132169576
4 0.965 0.329177057357 0.062 0.104738154613
4 0.929 0.290523690773 0.022 0.0274314214464
4 0.03 0.304239401496 0.044 0.0598503740648
0 0.151 0.295511221945 0.034 0.0473815461347
