4 0.111328125 0.0902777777778 0.02578125 0.05
4 0.16328125 0.075 0.0203125 0.0416666666667
4 0.203125 0.0819444444444 0.0203125 0.0361111111111
4 0.22890625 0.0993055555556 0.0171875 0.0319444444444
4 0.26640625 0.101388888889 0.021875 0.0444444444444
4 0.31171875 0.0673611111111 0.0296875 0.0625
4 0.0359375 0.115972222222 0.0109375 0.0263888888889
4 0.50390625 0.11875 0.0140625 0.0291666666667
4 0.561328125 0.152083333333 0.01640625 0.0347222222222
4 0.577734375 0.129861111111 0.01484375 0.0319444444444
4 0.648828125 0.140972222222 0.01484375 0.0319444444444
4 0.67734375 0.15625 0.0125 0.0263888888889
4 0.725390625 0.1375 0.01640625 0.0361111111111
4 0.76953125 0.140972222222 0.015625 0.0347222222222
4 0.831640625 0.127083333333 0.01796875 0.0375
4 0.846484375 0.15 0.01640625 0.0333333333333
4 0.9265625 0.134722222222 0.021875 0.0361111111111
