2 0.06884765625 0.273571428571 0.1376953125 0.31
2 0.36474609375 0.287857142857 0.1240234375 0.224285714286
2 0.34765625 0.132142857143 0.060546875 0.107142857143
2 0.54248046875 0.162142857143 0.0498046875 0.09
2 0.5966796875 0.246428571429 0.119140625 0.232857142857
2 0.74560546875 0.204285714286 0.1611328125 0.328571428571
2 0.8974609375 0.283571428571 0.033203125 0.0642857142857
4 0.8876953125 0.247857142857 0.029296875 0.0414285714286
4 0.85498046875 0.242857142857 0.0224609375 0.0371428571429
0 0.1416015625 0.192142857143 0.041015625 0.0785714285714
2 0.19775390625 0.180714285714 0.0263671875 0.0385714285714
