3 0.558139534884 0.0298988040478 0.0134638922889 0.0248390064397
3 0.527539779682 0.00597976080957 0.0110159118727 0.0119595216191
0 0.520195838433 0.0128794848206 0.0134638922889 0.0183992640294
0 0.526009791922 0.0234590616375 0.0116279069767 0.0229990800368
0 0.522337821297 0.0482980680773 0.0104039167687 0.0211591536339
3 0.513463892289 0.0515179392824 0.0110159118727 0.0239190432383
3 0.505813953488 0.0745170193192 0.0116279069767 0.0239190432383
3 0.522337821297 0.11223551058 0.0128518971848 0.0220791168353
3 0.50152998776 0.110395584177 0.0128518971848 0.0220791168353
3 0.483476132191 0.0827966881325 0.0134638922889 0.0220791168353
0 0.495716034272 0.0961361545538 0.0122399020808 0.0193192272309
0 0.505813953488 0.128334866605 0.0140758873929 0.0211591536339
0 0.448898408813 0.00551977920883 0.0116279069767 0.0110395584177
3 0.46205630355 0.0170193192272 0.0110159118727 0.0229990800368
3 0.427784577723 0.00965961361546 0.0122399020808 0.017479300828
3 0.428090575275 0.0275988960442 0.015299877601 0.0220791168353
3 0.446450428397 0.0413983440662 0.0128518971848 0.0239190432383
3 0.455324357405 0.064397424103 0.0110159118727 0.0220791168353
3 0.432680538556 0.0653173873045 0.0134638922889 0.0202391904324
3 0.429314565483 0.0837166513339 0.0140758873929 0.0220791168353
3 0.43482252142 0.114995400184 0.0116279069767 0.0220791168353
3 0.420746634027 0.110855565777 0.0140758873929 0.0248390064397
3 0.427172582619 0.130634774609 0.0134638922889 0.0239190432383
3 0.389228886169 0.0469181232751 0.0122399020808 0.0202391904324
3 0.376988984088 0.0708371665133 0.0146878824969 0.0202391904324
0 0.40758873929 0.10027598896 0.0134638922889 0.0239190432383
3 0.420134638923 0.142594296228 0.0128518971848 0.0183992640294
4 0.403916768666 0.179852805888 0.0134638922889 0.0211591536339
3 0.425336597307 0.188132474701 0.0134638922889 0.0248390064397
3 0.432680538556 0.172953081877 0.0122399020808 0.0220791168353
3 0.438494492044 0.19365225391 0.0140758873929 0.0229990800368
4 0.451040391677 0.184452621895 0.0122399020808 0.0211591536339
3 0.473990208078 0.194572217111 0.0128518971848 0.0248390064397
4 0.499388004896 0.188592456302 0.0134638922889 0.0220791168353
3 0.480416156671 0.211131554738 0.0122399020808 0.0229990800368
4 0.492656058752 0.221711131555 0.0134638922889 0.0220791168353
3 0.5076499388 0.220791168353 0.0140758873929 0.0257589696412
3 0.477662178703 0.252529898804 0.00917992656059 0.0248390064397
3 0.493268053856 0.256669733211 0.0134638922889 0.0239190432383
4 0.515911872705 0.236890524379 0.0122399020808 0.0193192272309
4 0.532435740514 0.224471021159 0.0122399020808 0.0220791168353
4 0.5076499388 0.252989880405 0.0116279069767 0.0202391904324
1 0.520807833537 0.257589696412 0.0110159118727 0.0202391904324
1 0.484394124847 0.27506899724 0.0140758873929 0.0239190432383
0 0.479804161567 0.298988040478 0.0134638922889 0.0220791168353
1 0.527539779682 0.271849126035 0.0146878824969 0.0229990800368
3 0.505813953488 0.317847286109 0.0165238678091 0.0266789328427
3 0.546205630355 0.2497700092 0.0140758873929 0.0211591536339
3 0.549265605875 0.230450781969 0.0140758873929 0.0229990800368
3 0.555691554468 0.26264949402 0.0134638922889 0.0229990800368
0 0.547123623011 0.272769089236 0.0146878824969 0.0229990800368
1 0.536719706242 0.254829806808 0.00979192166463 0.0183992640294
4 0.532129742962 0.328886844526 0.0128518971848 0.0211591536339
0 0.56517747858 0.248390064397 0.0140758873929 0.0239190432383
0 0.577417380661 0.265409383625 0.0140758873929 0.0229990800368
3 0.574969400245 0.287028518859 0.0165238678091 0.0239190432383
3 0.580783353733 0.238730450782 0.0146878824969 0.0193192272309
3 0.585679314565 0.250689972401 0.0134638922889 0.0229990800368
3 0.593023255814 0.270929162833 0.0146878824969 0.0248390064397
0 0.600979192166 0.235970561178 0.015911872705 0.0266789328427
0 0.615055079559 0.247930082797 0.0146878824969 0.0229990800368
3 0.622399020808 0.278748850046 0.015911872705 0.0239190432383
3 0.643206854345 0.26862925483 0.0146878824969 0.0239190432383
0 0.630048959608 0.319227230911 0.0140758873929 0.0220791168353
4 0.612607099143 0.141214351426 0.0110159118727 0.017479300828
0 0.634638922889 0.16237350506 0.0134638922889 0.0211591536339
3 0.647184822521 0.172493100276 0.0128518971848 0.0229990800368
3 0.636780905753 0.224011039558 0.0140758873929 0.0211591536339
0 0.642288861689 0.235970561178 0.0140758873929 0.0211591536339
0 0.632496940024 0.252989880405 0.0140758873929 0.0220791168353
3 0.655752753978 0.228610855566 0.0128518971848 0.0211591536339
1 0.65911872705 0.204691812328 0.0134638922889 0.0229990800368
1 0.666156670747 0.188592456302 0.0128518971848 0.0202391904324
1 0.674724602203 0.20607175713 0.0128518971848 0.0220791168353
1 0.665544675643 0.249310027599 0.0116279069767 0.0239190432383
3 0.383720930233 0.221251149954 0.0122399020808 0.017479300828
3 0.396266829865 0.30634774609 0.0165238678091 0.0257589696412
3 0.363525091799 0.223551057958 0.0146878824969 0.0220791168353
3 0.344553243574 0.226770929163 0.0134638922889 0.0211591536339
0 0.363525091799 0.24379024839 0.0122399020808 0.0202391904324
0 0.291615667075 0.245630174793 0.0140758873929 0.0257589696412
1 0.331395348837 0.246550137994 0.0128518971848 0.0257589696412
1 0.315483476132 0.243330266789 0.0128518971848 0.0229990800368
1 0.302019583843 0.243330266789 0.0116279069767 0.0248390064397
3 0.397490820073 0.0202391904324 0.015299877601 0.0257589696412
0 0.868421052632 0.0165593376265 0.0122399020808 0.0220791168353
4 0.900856793146 0.0317387304508 0.0122399020808 0.0193192272309
4 0.903610771114 0.0510579576817 0.0116279069767 0.0193192272309
3 0.911260709914 0.00781968721251 0.0122399020808 0.015639374425
1 0.921358629131 0.0124195032199 0.0128518971848 0.0211591536339
0 0.932068543452 0.050597976081 0.0122399020808 0.0220791168353
1 0.928396572827 0.0625574977001 0.0110159118727 0.0165593376265
3 0.966034271726 0.0206991720331 0.015299877601 0.0248390064397
3 0.982558139535 0.0515179392824 0.0116279069767 0.0220791168353
3 0.00275397796818 0.286568537259 0.00550795593635 0.0248390064397
3 0.0388616891065 0.286108555658 0.015299877601 0.0239190432383
3 0.0764993880049 0.281968721251 0.0134638922889 0.0211591536339
4 0.0581395348837 0.273689052438 0.0134638922889 0.0229990800368
3 0.0921052631579 0.268169273229 0.0140758873929 0.0211591536339
3 0.106487148103 0.315547378105 0.0146878824969 0.0239190432383
3 0.123011015912 0.264029438822 0.0146878824969 0.0275988960442
3 0.181456548348 0.257589696412 0.015299877601 0.0239190432383
1 0.0884332925337 0.232750689972 0.0128518971848 0.0183992640294
1 0.0869033047736 0.248850045998 0.015911872705 0.0229990800368
0 0.148408812729 0.255749770009 0.015299877601 0.0239190432383
0 0.15299877601 0.23137074517 0.0146878824969 0.0229990800368
4 0.275397796818 0.240570377185 0.0122399020808 0.0229990800368
4 0.241738066095 0.425482980681 0.0122399020808 0.0229990800368
4 0.233170134639 0.451241950322 0.0134638922889 0.0229990800368
1 0.271725826193 0.429162833487 0.0146878824969 0.0248390064397
0 0.244492044064 0.456761729531 0.0140758873929 0.0248390064397
0 0.263463892289 0.530818767249 0.015299877601 0.0257589696412
1 0.352509179927 0.41858325667 0.0146878824969 0.0239190432383
0 0.431150550796 0.379024839006 0.0128518971848 0.0220791168353
0 0.559975520196 0.402483900644 0.0134638922889 0.0229990800368
0 0.516217870257 0.450781968721 0.0116279069767 0.0220791168353
4 0.485924112607 0.46228150874 0.0134638922889 0.0248390064397
0 0.474908200734 0.447562097516 0.0122399020808 0.0211591536339
0 0.461444308446 0.437902483901 0.0122399020808 0.0202391904324
0 0.479192166463 0.403403863845 0.0146878824969 0.0229990800368
4 0.470012239902 0.417203311868 0.0110159118727 0.0211591536339
0 0.419522643819 0.454461821527 0.0140758873929 0.0239190432383
4 0.410036719706 0.483440662374 0.0134638922889 0.0193192272309
4 0.393818849449 0.511039558418 0.0116279069767 0.0229990800368
0 0.461444308446 0.473781048758 0.0146878824969 0.0220791168353
2 0.454100367197 0.453081876725 0.0134638922889 0.0248390064397
4 0.00520195838433 0.554277828887 0.0104039167687 0.0248390064397
2 0.0293757649939 0.499540018399 0.0146878824969 0.0275988960442
2 0.0290697674419 0.545078196872 0.0165238678091 0.0248390064397
0 0.0566095471236 0.512879484821 0.0128518971848 0.0285188592456
4 0.0712974296206 0.528058877645 0.0140758873929 0.0220791168353
4 0.129436964504 0.541858325667 0.0140758873929 0.0220791168353
4 0.114137086903 0.724471021159 0.015299877601 0.0229990800368
4 0.0691554467564 0.792548298068 0.0146878824969 0.0248390064397
0 0.244186046512 0.634314627415 0.0134638922889 0.0229990800368
0 0.228580171359 0.652713891444 0.0140758873929 0.0248390064397
3 0.25305997552 0.629714811408 0.0116279069767 0.0248390064397
3 0.269583843329 0.645354185833 0.015299877601 0.0248390064397
0 0.264993880049 0.810487580497 0.0171358629131 0.0275988960442
4 0.235924112607 0.836246550138 0.015299877601 0.0257589696412
4 0.287637698898 0.895124195032 0.0146878824969 0.0239190432383
4 0.427784577723 0.532658693652 0.0146878824969 0.0257589696412
0 0.391064871481 0.557497700092 0.0134638922889 0.0239190432383
0 0.358935128519 0.555657773689 0.0140758873929 0.0239190432383
0 0.353427172583 0.591536338546 0.0140758873929 0.0239190432383
4 0.361077111383 0.624655013799 0.0146878824969 0.0220791168353
4 0.37729498164 0.596596136155 0.0128518971848 0.0229990800368
0 0.464504283966 0.504599816007 0.0146878824969 0.0248390064397
4 0.327417380661 0.909843606256 0.0171358629131 0.0294388224471
4 0.424112607099 0.821527138914 0.0134638922889 0.0239190432383
0 0.531517747858 0.793008279669 0.0165238678091 0.0275988960442
0 0.578947368421 0.782888684453 0.0146878824969 0.0257589696412
0 0.568849449204 0.622815087397 0.0128518971848 0.0239190432383
0 0.569461444308 0.71251149954 0.0128518971848 0.0248390064397
4 0.600367197062 0.342686292548 0.0134638922889 0.0211591536339
2 0.607711138311 0.386384544618 0.0146878824969 0.0220791168353
3 0.611995104039 0.407543698252 0.015911872705 0.0239190432383
0 0.605875152999 0.426862925483 0.0134638922889 0.0202391904324
0 0.601591187271 0.444802207912 0.0134638922889 0.0229990800368
0 0.595165238678 0.476080956762 0.0140758873929 0.0248390064397
4 0.60006119951 0.466881324747 0.0128518971848 0.0193192272309
0 0.640758873929 0.529898804048 0.0134638922889 0.0257589696412
0 0.614749082007 0.588316467341 0.0116279069767 0.0248390064397
0 0.598225214198 0.60027598896 0.015299877601 0.0229990800368
0 0.643206854345 0.602575896964 0.0134638922889 0.0220791168353
0 0.66217870257 0.569917203312 0.0122399020808 0.0211591536339
0 0.65605875153 0.515639374425 0.0134638922889 0.0211591536339
0 0.657282741738 0.499080036799 0.0134638922889 0.0193192272309
0 0.673194614443 0.469641214351 0.0122399020808 0.0193192272309
0 0.694308445532 0.471021159154 0.0140758873929 0.0239190432383
0 0.71970624235 0.450321987121 0.0134638922889 0.0248390064397
4 0.680844553244 0.490800367985 0.0116279069767 0.0211591536339
3 0.675948592411 0.513339466421 0.0140758873929 0.0220791168353
0 0.668910648715 0.522539098436 0.0134638922889 0.0220791168353
0 0.658812729498 0.546918123275 0.0140758873929 0.0248390064397
3 0.647184822521 0.582796688132 0.0128518971848 0.0211591536339
3 0.655140758874 0.603495860166 0.0128518971848 0.0239190432383
3 0.645348837209 0.622815087397 0.015299877601 0.0239190432383
4 0.619951040392 0.646274149034 0.0146878824969 0.0229990800368
4 0.634944920441 0.678012879485 0.0140758873929 0.0239190432383
1 0.638310893513 0.655933762649 0.015911872705 0.0239190432383
4 0.702264381885 0.614995400184 0.0128518971848 0.0193192272309
4 0.692166462668 0.567617295308 0.0134638922889 0.0239190432383
3 0.7423500612 0.490340386385 0.0146878824969 0.0275988960442
0 0.753671970624 0.522079116835 0.0140758873929 0.0248390064397
0 0.628212974296 0.709291628335 0.0140758873929 0.0220791168353
1 0.615055079559 0.724471021159 0.015911872705 0.0248390064397
2 0.618421052632 0.746090156394 0.0140758873929 0.0257589696412
3 0.620869033048 0.772309107636 0.0165238678091 0.0266789328427
4 0.670134638923 0.804047838086 0.0122399020808 0.0220791168353
4 0.994186046512 0.750689972401 0.0104039167687 0.0239190432383
3 0.796205630355 0.899264029439 0.015911872705 0.0248390064397
3 0.809363525092 0.865685372585 0.0128518971848 0.0220791168353
0 0.803855569155 0.878104875805 0.015299877601 0.0266789328427
0 0.827111383109 0.894664213431 0.0140758873929 0.0211591536339
0 0.855263157895 0.939742410304 0.015299877601 0.0248390064397
3 0.803855569155 0.943422263109 0.015299877601 0.0266789328427
3 0.808139534884 0.923643054278 0.0128518971848 0.0239190432383
0 0.826805385557 0.814627414903 0.0146878824969 0.0248390064397
0 0.855875152999 0.833486660534 0.0128518971848 0.0220791168353
3 0.848225214198 0.764489420423 0.0134638922889 0.0239190432383
3 0.859853121175 0.785188592456 0.0134638922889 0.0193192272309
3 0.860159118727 0.80634774609 0.015299877601 0.0248390064397
3 0.864443084455 0.758049678013 0.0140758873929 0.0239190432383
3 0.884944920441 0.798528058878 0.015911872705 0.0220791168353
3 0.871481028152 0.722171113155 0.0146878824969 0.0239190432383
3 0.882496940024 0.717571297148 0.0122399020808 0.0239190432383
3 0.898102815177 0.740110395584 0.0140758873929 0.0229990800368
3 0.863831089351 0.713891444342 0.0128518971848 0.0220791168353
4 0.863525091799 0.696412143514 0.0122399020808 0.0183992640294
3 0.870563035496 0.685832566697 0.0128518971848 0.0211591536339
3 0.866585067319 0.670653173873 0.0122399020808 0.0220791168353
3 0.859853121175 0.659153633855 0.0134638922889 0.0229990800368
3 0.891982864137 0.649034038638 0.0128518971848 0.0229990800368
3 0.829559363525 0.660073597056 0.0140758873929 0.0229990800368
3 0.808139534884 0.634774609016 0.0140758873929 0.0220791168353
0 0.764075887393 0.63753449862 0.0140758873929 0.0239190432383
0 0.757955936353 0.614995400184 0.015299877601 0.0229990800368
0 0.779681762546 0.6251149954 0.0146878824969 0.0229990800368
0 0.790697674419 0.592456301748 0.0146878824969 0.0257589696412
0 0.801101591187 0.529898804048 0.0122399020808 0.0239190432383
0 0.786719706242 0.513339466421 0.0128518971848 0.0220791168353
0 0.806915544676 0.488500459982 0.0140758873929 0.0239190432383
0 0.791921664627 0.482980680773 0.0146878824969 0.0220791168353
0 0.791615667075 0.464581416743 0.015299877601 0.0239190432383
0 0.766523867809 0.441582336707 0.0140758873929 0.0220791168353
1 0.761015911873 0.477460901564 0.0128518971848 0.0257589696412
4 0.771725826193 0.522079116835 0.0122399020808 0.0229990800368
3 0.774479804162 0.559797608096 0.0140758873929 0.0248390064397
1 0.776621787026 0.580036798528 0.0134638922889 0.0248390064397
1 0.756425948592 0.593376264949 0.0134638922889 0.0202391904324
1 0.813953488372 0.565317387305 0.0110159118727 0.0193192272309
3 0.820073439412 0.609015639374 0.0146878824969 0.0239190432383
3 0.841187270502 0.609475620975 0.015299877601 0.0211591536339
3 0.859547123623 0.604415823367 0.015299877601 0.0257589696412
3 0.844247246022 0.511959521619 0.0140758873929 0.0248390064397
3 0.872399020808 0.50597976081 0.015299877601 0.0239190432383
3 0.884638922889 0.525758969641 0.0140758873929 0.0211591536339
3 0.895654834761 0.492640294388 0.0140758873929 0.0229990800368
3 0.846389228886 0.428702851886 0.0134638922889 0.0220791168353
3 0.854651162791 0.438362465501 0.0140758873929 0.0211591536339
3 0.864443084455 0.36246550138 0.0140758873929 0.0220791168353
3 0.857711138311 0.380404783809 0.0128518971848 0.0229990800368
3 0.85006119951 0.388684452622 0.0134638922889 0.0229990800368
3 0.910036719706 0.385004599816 0.0134638922889 0.0211591536339
4 0.843329253366 0.490340386385 0.0134638922889 0.0220791168353
4 0.84241126071 0.471021159154 0.0140758873929 0.0202391904324
0 0.859547123623 0.476540938362 0.0140758873929 0.0239190432383
3 0.831395348837 0.584636614535 0.0128518971848 0.0211591536339
3 0.842105263158 0.583716651334 0.0134638922889 0.0229990800368
0 0.831395348837 0.546458141674 0.0128518971848 0.0220791168353
3 0.832619339045 0.531738730451 0.0140758873929 0.0183992640294
3 0.852509179927 0.533578656854 0.0110159118727 0.0202391904324
0 0.858629130967 0.541858325667 0.0110159118727 0.0202391904324
1 0.897490820073 0.541398344066 0.0140758873929 0.0229990800368
0 0.87270501836 0.586936522539 0.0134638922889 0.0220791168353
3 0.78335373317 0.499080036799 0.015911872705 0.0211591536339
3 0.779375764994 0.531738730451 0.0128518971848 0.0275988960442
4 0.746328029376 0.638454461822 0.0128518971848 0.0220791168353
4 0.905752753978 0.571297148114 0.0134638922889 0.0220791168353
3 0.876682986536 0.622815087397 0.0140758873929 0.0239190432383
0 0.915238678091 0.504599816007 0.0128518971848 0.0229990800368
0 0.906976744186 0.488040478381 0.0122399020808 0.0229990800368
1 0.908506731946 0.46872125115 0.0128518971848 0.0193192272309
1 0.899632802938 0.454461821527 0.0134638922889 0.0220791168353
0 0.897184822521 0.444342226311 0.0122399020808 0.0183992640294
1 0.908506731946 0.436982520699 0.0128518971848 0.0220791168353
0 0.922582619339 0.43100275989 0.0128518971848 0.0211591536339
0 0.869033047736 0.417663293468 0.0134638922889 0.0202391904324
0 0.851591187271 0.408003679853 0.0104039167687 0.0193192272309
0 0.865055079559 0.40616375345 0.0128518971848 0.017479300828
0 0.868421052632 0.392364305428 0.0122399020808 0.0193192272309
0 0.920134638923 0.414903403864 0.0128518971848 0.0202391904324
0 0.929314565483 0.409383624655 0.0116279069767 0.0220791168353
0 0.942778457772 0.412143514259 0.0140758873929 0.0239190432383
3 0.944308445532 0.457681692732 0.0134638922889 0.0229990800368
3 0.958384332925 0.465501379945 0.0134638922889 0.0202391904324
4 0.943696450428 0.507359705612 0.0146878824969 0.0229990800368
1 0.917380660955 0.534498620055 0.0146878824969 0.0220791168353
4 0.898714810282 0.403863845446 0.0116279069767 0.0202391904324
1 0.897184822521 0.373505059798 0.0146878824969 0.0220791168353
0 0.901774785802 0.355565777369 0.0128518971848 0.0193192272309
0 0.921052631579 0.366605335787 0.0146878824969 0.0229990800368
1 0.88035495716 0.330266789328 0.0128518971848 0.0202391904324
1 0.846389228886 0.347746090156 0.0146878824969 0.0257589696412
0 0.83629130967 0.270009199632 0.0128518971848 0.0229990800368
0 0.825887392901 0.241030358786 0.015299877601 0.0220791168353
0 0.818543451652 0.28104875805 0.0128518971848 0.0248390064397
0 0.800795593635 0.263569457222 0.0140758873929 0.0229990800368
3 0.823133414933 0.213431462741 0.0146878824969 0.0257589696412
3 0.796205630355 0.197332106716 0.0122399020808 0.0229990800368
3 0.794675642595 0.224471021159 0.0128518971848 0.0220791168353
1 0.808139534884 0.236890524379 0.0128518971848 0.0229990800368
0 0.78182374541 0.264489420423 0.0140758873929 0.0229990800368
3 0.769277845777 0.2502299908 0.0122399020808 0.0275988960442
1 0.780599755202 0.230450781969 0.0128518971848 0.0211591536339
3 0.775397796818 0.197332106716 0.0134638922889 0.0211591536339
4 0.761321909425 0.227690892364 0.0122399020808 0.0211591536339
3 0.75 0.2502299908 0.0140758873929 0.0239190432383
3 0.752447980416 0.273229070837 0.0140758873929 0.0239190432383
3 0.753671970624 0.188592456302 0.015299877601 0.0239190432383
3 0.753671970624 0.214811407544 0.0140758873929 0.0229990800368
3 0.72276621787 0.232290708372 0.0122399020808 0.0193192272309
3 0.727662178703 0.206991720331 0.0134638922889 0.0220791168353
3 0.734700122399 0.1872125115 0.0140758873929 0.0248390064397
3 0.713280293758 0.191812327507 0.0140758873929 0.0229990800368
3 0.702570379437 0.177552897884 0.015911872705 0.0220791168353
1 0.732864137087 0.229530818767 0.0140758873929 0.0229990800368
3 0.685740514076 0.1876724931 0.0140758873929 0.0239190432383
3 0.685128518972 0.216191352346 0.0140758873929 0.0239190432383
1 0.687270501836 0.250689972401 0.0134638922889 0.0229990800368
1 0.716952264382 0.254829806808 0.015299877601 0.0239190432383
0 0.724908200734 0.247930082797 0.0128518971848 0.0229990800368
0 0.697062423501 0.210671573137 0.0146878824969 0.0239190432383
0 0.707772337821 0.221251149954 0.0140758873929 0.0229990800368
0 0.700428396573 0.248390064397 0.015299877601 0.0257589696412
0 0.699816401469 0.273229070837 0.015299877601 0.0239190432383
4 0.678090575275 0.260349586017 0.0134638922889 0.0202391904324
