1 0.445625 0.510833333333 0.05125 0.095
1 0.48125 0.541666666667 0.055 0.0966666666667
1 0.421875 0.604166666667 0.06375 0.115
1 0.355625 0.533333333333 0.05625 0.1
1 0.303125 0.53 0.05125 0.09
1 0.266875 0.596666666667 0.07875 0.136666666667
1 0.248125 0.496666666667 0.06125 0.1
1 0.51375 0.794166666667 0.08 0.128333333333
1 0.036875 0.564166666667 0.06625 0.118333333333
1 0.095625 0.558333333333 0.07875 0.126666666667
1 0.1625 0.506666666667 0.08 0.136666666667
1 0.624375 0.499166666667 0.04875 0.0916666666667
1 0.728125 0.56 0.05875 0.103333333333
1 0.7725 0.533333333333 0.055 0.0866666666667
1 0.824375 0.543333333333 0.06125 0.106666666667
1 0.9425 0.535833333333 0.07 0.115
0 0.68125 0.725 0.055 0.1
