3 0.155333333333 0.839195979899 0.0146666666667 0.0201005025126
3 0.171 0.817211055276 0.014 0.0188442211055
3 0.188166666667 0.842336683417 0.0136666666667 0.0196817420436
3 0.203333333333 0.820561139028 0.012 0.0180067001675
3 0.217 0.835845896147 0.0113333333333 0.0192629815745
3 0.241 0.840452261307 0.012 0.0192629815745
3 0.1915 0.79229480737 0.013 0.0184254606365
3 0.2155 0.771984924623 0.0123333333333 0.0196817420436
3 0.226333333333 0.804857621441 0.0126666666667 0.0184254606365
3 0.236833333333 0.771566164154 0.011 0.0163316582915
3 0.241833333333 0.782244556114 0.0116666666667 0.0159128978224
3 0.253166666667 0.799832495812 0.013 0.0192629815745
3 0.2485 0.818257956449 0.013 0.0184254606365
3 0.266 0.83689279732 0.014 0.0180067001675
3 0.279666666667 0.827470686767 0.0126666666667 0.0167504187605
3 0.2555 0.744137353434 0.013 0.0175879396985
3 0.2675 0.72675879397 0.013 0.0171691792295
3 0.2725 0.760259631491 0.0123333333333 0.0180067001675
3 0.266666666667 0.778475711893 0.0126666666667 0.0175879396985
3 0.2775 0.794388609715 0.013 0.0175879396985
3 0.296333333333 0.806113902848 0.0126666666667 0.0184254606365
3 0.3075 0.780778894472 0.013 0.0188442211055
3 0.286833333333 0.772403685092 0.0116666666667 0.0163316582915
3 0.299666666667 0.757328308208 0.0113333333333 0.0171691792295
3 0.2905 0.74350921273 0.0116666666667 0.0180067001675
3 0.282 0.710427135678 0.0106666666667 0.0171691792295
3 0.298666666667 0.688023450586 0.0113333333333 0.0167504187605
3 0.3105 0.705192629816 0.0116666666667 0.0175879396985
3 0.3045 0.729690117253 0.0103333333333 0.0180067001675
3 0.317 0.73743718593 0.0126666666667 0.0175879396985
3 0.324666666667 0.767587939698 0.0113333333333 0.0175879396985
3 0.344166666667 0.751256281407 0.0123333333333 0.0184254606365
3 0.3645 0.73324958124 0.011 0.0184254606365
3 0.350666666667 0.704145728643 0.0113333333333 0.0171691792295
3 0.360666666667 0.712102177554 0.0113333333333 0.0196817420436
3 0.318833333333 0.667922948074 0.0123333333333 0.0184254606365
3 0.343166666667 0.689698492462 0.013 0.0167504187605
3 0.344666666667 0.674204355109 0.0113333333333 0.0167504187605
3 0.348666666667 0.654103852596 0.0113333333333 0.0175879396985
3 0.362333333333 0.641331658291 0.0106666666667 0.0163316582915
3 0.38 0.658710217755 0.0106666666667 0.0167504187605
3 0.387333333333 0.672319932998 0.0113333333333 0.0180067001675
3 0.3615 0.678810720268 0.0103333333333 0.0175879396985
3 0.371166666667 0.688442211055 0.011 0.0184254606365
3 0.382666666667 0.70770519263 0.0126666666667 0.0192629815745
3 0.398833333333 0.69472361809 0.0116666666667 0.0175879396985
3 0.380833333333 0.613274706868 0.011 0.0180067001675
3 0.395166666667 0.636934673367 0.011 0.0159128978224
3 0.405333333333 0.657035175879 0.0113333333333 0.0175879396985
3 0.414833333333 0.686139028476 0.0116666666667 0.0163316582915
3 0.431166666667 0.678601340034 0.0116666666667 0.0180067001675
3 0.432666666667 0.657872696817 0.0106666666667 0.0159128978224
3 0.4245 0.640494137353 0.0103333333333 0.0171691792295
3 0.427833333333 0.624371859296 0.011 0.0167504187605
3 0.405666666667 0.613274706868 0.0113333333333 0.0180067001675
3 0.414333333333 0.60594639866 0.012 0.0142378559464
3 0.438666666667 0.61243718593 0.0113333333333 0.0163316582915
3 0.448333333333 0.627512562814 0.0106666666667 0.0171691792295
3 0.443666666667 0.649916247906 0.0113333333333 0.0175879396985
3 0.4625 0.649706867672 0.0103333333333 0.0163316582915
3 0.4685 0.633584589615 0.0103333333333 0.0167504187605
3 0.460166666667 0.619974874372 0.00966666666667 0.0146566164154
3 0.843 0.832914572864 0.0113333333333 0.0201005025126
3 0.816 0.836683417085 0.0133333333333 0.0184254606365
3 0.783166666667 0.844430485762 0.0116666666667 0.0188442211055
3 0.77 0.823911222781 0.0106666666667 0.0188442211055
3 0.759166666667 0.839614740369 0.0123333333333 0.0175879396985
3 0.730166666667 0.84945561139 0.0123333333333 0.0205192629816
3 0.741833333333 0.824120603015 0.011 0.0184254606365
3 0.756 0.807788944724 0.012 0.0209380234506
3 0.7965 0.821189279732 0.0123333333333 0.0209380234506
3 0.820666666667 0.811976549414 0.012 0.0192629815745
3 0.803666666667 0.789991624791 0.0126666666667 0.0188442211055
4 0.793666666667 0.774916247906 0.0113333333333 0.0188442211055
3 0.771833333333 0.777010050251 0.013 0.0188442211055
3 0.7055 0.803182579564 0.0123333333333 0.0192629815745
3 0.725333333333 0.792713567839 0.012 0.0192629815745
3 0.7485 0.773869346734 0.0116666666667 0.0209380234506
3 0.767666666667 0.758584589615 0.0113333333333 0.0196817420436
3 0.761666666667 0.735343383585 0.0126666666667 0.0192629815745
3 0.737166666667 0.738902847571 0.0116666666667 0.0180067001675
3 0.742 0.759003350084 0.0113333333333 0.0196817420436
3 0.730333333333 0.769891122278 0.0113333333333 0.0188442211055
3 0.710833333333 0.777219430486 0.0123333333333 0.0184254606365
3 0.686666666667 0.788735343384 0.012 0.0188442211055
3 0.690333333333 0.762981574539 0.012 0.0175879396985
3 0.672166666667 0.772403685092 0.011 0.0188442211055
3 0.673166666667 0.748324958124 0.0116666666667 0.0184254606365
3 0.684 0.735762144054 0.0113333333333 0.0175879396985
3 0.711 0.736390284757 0.012 0.0188442211055
3 0.7215 0.734296482412 0.0116666666667 0.0171691792295
3 0.732166666667 0.717964824121 0.0116666666667 0.0180067001675
3 0.707666666667 0.699120603015 0.012 0.0188442211055
3 0.697166666667 0.710427135678 0.011 0.0180067001675
3 0.688666666667 0.689698492462 0.0113333333333 0.0184254606365
3 0.677333333333 0.704355108878 0.012 0.0175879396985
3 0.673666666667 0.723408710218 0.0126666666667 0.0180067001675
3 0.658 0.728433835846 0.0106666666667 0.0171691792295
3 0.646333333333 0.739740368509 0.0113333333333 0.0163316582915
3 0.645666666667 0.646147403685 0.0113333333333 0.0192629815745
3 0.662666666667 0.657663316583 0.0113333333333 0.0205192629816
3 0.6715 0.674832495812 0.011 0.0196817420436
3 0.6605 0.685301507538 0.0116666666667 0.0196817420436
3 0.6485 0.707077051926 0.011 0.0171691792295
3 0.634333333333 0.716708542714 0.0113333333333 0.0180067001675
3 0.630833333333 0.742881072027 0.0116666666667 0.0175879396985
3 0.628 0.696189279732 0.012 0.0171691792295
3 0.637833333333 0.682370184255 0.011 0.0180067001675
3 0.632 0.660175879397 0.0113333333333 0.0180067001675
3 0.615166666667 0.684254606365 0.011 0.0184254606365
3 0.612666666667 0.711474036851 0.012 0.0184254606365
3 0.595833333333 0.704564489112 0.0116666666667 0.0163316582915
3 0.584166666667 0.693467336683 0.011 0.0175879396985
3 0.594333333333 0.678182579564 0.0106666666667 0.0171691792295
3 0.61 0.666457286432 0.01 0.0171691792295
3 0.6175 0.648659966499 0.0103333333333 0.0159128978224
3 0.622333333333 0.628140703518 0.0113333333333 0.0175879396985
3 0.599 0.637772194305 0.0106666666667 0.0175879396985
3 0.597666666667 0.654522613065 0.0126666666667 0.0167504187605
3 0.577 0.661432160804 0.0106666666667 0.0163316582915
3 0.572 0.670016750419 0.0113333333333 0.0175879396985
3 0.550333333333 0.674204355109 0.012 0.0184254606365
3 0.541833333333 0.651172529313 0.011 0.0175879396985
3 0.527666666667 0.64405360134 0.0113333333333 0.0175879396985
3 0.513333333333 0.62730318258 0.00866666666667 0.0167504187605
3 0.506333333333 0.636725293132 0.00866666666667 0.0154941373534
3 0.494833333333 0.626884422111 0.00966666666667 0.0159128978224
3 0.4885 0.60594639866 0.0103333333333 0.0159128978224
3 0.479333333333 0.619346733668 0.0106666666667 0.0184254606365
3 0.526833333333 0.602596314908 0.011 0.0184254606365
3 0.537166666667 0.623115577889 0.00966666666667 0.0175879396985
3 0.553666666667 0.639237855946 0.012 0.0171691792295
3 0.578 0.641331658291 0.0106666666667 0.0180067001675
3 0.5675 0.627093802345 0.011 0.0171691792295
3 0.554 0.605737018425 0.0113333333333 0.0163316582915
3 0.540666666667 0.58270519263 0.0113333333333 0.0171691792295
3 0.520833333333 0.58458961474 0.011 0.0175879396985
3 0.518666666667 0.569932998325 0.01 0.0159128978224
3 0.5345 0.551298157454 0.011 0.0180067001675
3 0.5745 0.599036850921 0.0103333333333 0.0180067001675
3 0.591333333333 0.612227805695 0.0106666666667 0.0175879396985
3 0.596 0.590452261307 0.0106666666667 0.0159128978224
3 0.5605 0.57851758794 0.00966666666667 0.0154941373534
3 0.557 0.569514237856 0.01 0.0142378559464
3 0.551166666667 0.543132328308 0.00966666666667 0.0159128978224
3 0.576 0.549832495812 0.01 0.0167504187605
3 0.5585 0.525753768844 0.0103333333333 0.0163316582915
3 0.583333333333 0.530360134003 0.0106666666667 0.0163316582915
3 0.567833333333 0.511097152429 0.00966666666667 0.0146566164154
3 0.592666666667 0.508793969849 0.01 0.0150753768844
3 0.611333333333 0.503978224456 0.01 0.0154941373534
3 0.565666666667 0.5 0.00866666666667 0.0134003350084
3 0.584666666667 0.493927973199 0.00933333333333 0.0138190954774
3 0.5925 0.478224455611 0.0103333333333 0.0150753768844
3 0.6195 0.478015075377 0.00966666666667 0.0154941373534
3 0.596833333333 0.460636515913 0.009 0.0167504187605
3 0.4345 0.529313232831 0.011 0.0150753768844
3 0.431166666667 0.547529313233 0.009 0.0171691792295
3 0.438333333333 0.568676716918 0.01 0.0167504187605
3 0.454 0.588567839196 0.012 0.0188442211055
3 0.4715 0.568048576214 0.0116666666667 0.0171691792295
3 0.4765 0.552135678392 0.00966666666667 0.0163316582915
3 0.494666666667 0.562604690117 0.0113333333333 0.0163316582915
3 0.504333333333 0.54229480737 0.0106666666667 0.0159128978224
3 0.4955 0.512981574539 0.00966666666667 0.0159128978224
3 0.474833333333 0.519891122278 0.0103333333333 0.0163316582915
3 0.489166666667 0.532663316583 0.0103333333333 0.0150753768844
3 0.459166666667 0.529941373534 0.011 0.0154941373534
3 0.458166666667 0.547319932998 0.0116666666667 0.0167504187605
3 0.452833333333 0.51486599665 0.00966666666667 0.0163316582915
3 0.472833333333 0.496859296482 0.0103333333333 0.0163316582915
3 0.456666666667 0.480318257956 0.01 0.0150753768844
3 0.443833333333 0.489530988275 0.00966666666667 0.0159128978224
3 0.507333333333 0.498743718593 0.01 0.0150753768844
3 0.521333333333 0.515912897822 0.00933333333333 0.0134003350084
3 0.520166666667 0.530569514238 0.00966666666667 0.0167504187605
3 0.539333333333 0.518006700168 0.00933333333333 0.0167504187605
3 0.524 0.497487437186 0.01 0.0150753768844
3 0.5415 0.499371859296 0.0103333333333 0.0154941373534
3 0.527833333333 0.475711892797 0.0103333333333 0.0159128978224
3 0.537833333333 0.469849246231 0.009 0.0150753768844
3 0.552666666667 0.48324958124 0.01 0.0150753768844
3 0.553166666667 0.448701842546 0.00966666666667 0.0171691792295
3 0.559666666667 0.436557788945 0.00866666666667 0.0154941373534
3 0.573833333333 0.447445561139 0.009 0.0138190954774
3 0.572666666667 0.466917922948 0.00933333333333 0.0150753768844
3 0.6195 0.446398659966 0.00966666666667 0.0175879396985
3 0.639333333333 0.460217755444 0.0106666666667 0.0159128978224
3 0.605833333333 0.435720268007 0.00966666666667 0.0154941373534
3 0.591833333333 0.443257956449 0.009 0.0146566164154
3 0.587333333333 0.426716917923 0.00866666666667 0.0150753768844
3 0.567166666667 0.421901172529 0.009 0.0163316582915
3 0.568666666667 0.408500837521 0.00933333333333 0.0138190954774
3 0.577666666667 0.398450586265 0.00933333333333 0.0171691792295
3 0.593666666667 0.419388609715 0.00933333333333 0.0154941373534
3 0.614833333333 0.425251256281 0.00966666666667 0.0154941373534
3 0.648 0.432788944724 0.0113333333333 0.0163316582915
3 0.651 0.448492462312 0.00933333333333 0.0150753768844
3 0.585 0.386725293132 0.00866666666667 0.0163316582915
3 0.587 0.368299832496 0.00866666666667 0.0146566164154
3 0.592333333333 0.38337520938 0.00866666666667 0.0138190954774
3 0.601666666667 0.407453936348 0.00866666666667 0.0142378559464
3 0.605333333333 0.39824120603 0.00866666666667 0.0134003350084
3 0.615833333333 0.395938023451 0.00966666666667 0.0146566164154
3 0.6205 0.379606365159 0.00833333333333 0.0146566164154
3 0.615666666667 0.368718592965 0.008 0.0138190954774
3 0.604833333333 0.356365159129 0.009 0.0150753768844
3 0.6075 0.341289782245 0.00833333333333 0.0142378559464
3 0.627166666667 0.342755443886 0.00833333333333 0.0138190954774
3 0.622 0.361180904523 0.00866666666667 0.0154941373534
3 0.634166666667 0.407244556114 0.009 0.0146566164154
3 0.638333333333 0.418341708543 0.00866666666667 0.0159128978224
3 0.660833333333 0.420226130653 0.00966666666667 0.0146566164154
3 0.657333333333 0.405988274707 0.00933333333333 0.0138190954774
3 0.650166666667 0.402010050251 0.00833333333333 0.0142378559464
3 0.6465 0.388400335008 0.00833333333333 0.0138190954774
3 0.654 0.37730318258 0.00866666666667 0.0142378559464
3 0.6675 0.387144053601 0.00966666666667 0.0154941373534
3 0.6755 0.376046901173 0.00966666666667 0.0134003350084
3 0.63 0.38149078727 0.00866666666667 0.0150753768844
3 0.635166666667 0.374371859296 0.009 0.0142378559464
3 0.639 0.361180904523 0.008 0.0138190954774
3 0.643666666667 0.343802345059 0.00866666666667 0.0142378559464
3 0.6645 0.346943048576 0.00833333333333 0.0146566164154
3 0.660833333333 0.362855946399 0.009 0.0138190954774
3 0.684166666667 0.354061976549 0.00966666666667 0.0146566164154
3 0.697833333333 0.344221105528 0.00966666666667 0.0142378559464
3 0.677166666667 0.332495812395 0.0103333333333 0.0150753768844
3 0.659 0.333961474037 0.00866666666667 0.0129815745394
3 0.6405 0.328936348409 0.009 0.0129815745394
3 0.618 0.323283082077 0.00866666666667 0.0142378559464
3 0.606833333333 0.312395309883 0.009 0.0134003350084
3 0.619833333333 0.297948073702 0.00833333333333 0.0146566164154
3 0.632333333333 0.292713567839 0.00933333333333 0.0150753768844
3 0.640333333333 0.307370184255 0.00866666666667 0.0134003350084
3 0.656666666667 0.30297319933 0.00866666666667 0.0146566164154
3 0.664833333333 0.314279731993 0.009 0.0129815745394
3 0.6775 0.309045226131 0.009 0.0134003350084
3 0.690333333333 0.320142378559 0.00933333333333 0.0129815745394
3 0.7 0.303810720268 0.00866666666667 0.0146566164154
3 0.7035 0.289572864322 0.009 0.0138190954774
3 0.686666666667 0.283500837521 0.008 0.0134003350084
3 0.6755 0.291457286432 0.00833333333333 0.0150753768844
3 0.666333333333 0.28391959799 0.00933333333333 0.0125628140704
3 0.649666666667 0.285175879397 0.008 0.0142378559464
3 0.629166666667 0.2797319933 0.009 0.0134003350084
3 0.646333333333 0.274288107203 0.00866666666667 0.0142378559464
3 0.648666666667 0.257118927973 0.008 0.0125628140704
3 0.6555 0.25418760469 0.00833333333333 0.0134003350084
3 0.675833333333 0.251675041876 0.009 0.0134003350084
3 0.671333333333 0.266331658291 0.00866666666667 0.0134003350084
3 0.692666666667 0.270309882747 0.00933333333333 0.0138190954774
3 0.675333333333 0.239112227806 0.00866666666667 0.0134003350084
3 0.6615 0.234087102178 0.009 0.0142378559464
3 0.646666666667 0.229061976549 0.008 0.0134003350084
3 0.637833333333 0.247068676717 0.009 0.0150753768844
3 0.625 0.263609715243 0.00933333333333 0.0146566164154
3 0.628 0.25837520938 0.008 0.0108877721943
3 0.621166666667 0.254815745394 0.00833333333333 0.0121440536013
3 0.6325 0.240159128978 0.00833333333333 0.0138190954774
3 0.607666666667 0.284547738693 0.00933333333333 0.0146566164154
3 0.599833333333 0.278685092127 0.00833333333333 0.0129815745394
3 0.608333333333 0.260259631491 0.00933333333333 0.0138190954774
3 0.614666666667 0.238902847571 0.008 0.0129815745394
3 0.619666666667 0.22864321608 0.008 0.0134003350084
3 0.624833333333 0.220058626466 0.00833333333333 0.0121440536013
3 0.632166666667 0.224874371859 0.00966666666667 0.0134003350084
3 0.617666666667 0.207077051926 0.00933333333333 0.0129815745394
3 0.6075 0.216708542714 0.00833333333333 0.0138190954774
3 0.604833333333 0.234505862647 0.009 0.0134003350084
3 0.597333333333 0.259840871022 0.00933333333333 0.0129815745394
3 0.418333333333 0.537897822446 0.0106666666667 0.0180067001675
3 0.4245 0.509212730318 0.0103333333333 0.0167504187605
3 0.422166666667 0.485971524288 0.0103333333333 0.0163316582915
3 0.43 0.469011725293 0.00933333333333 0.0142378559464
3 0.4425 0.465242881072 0.0103333333333 0.0175879396985
3 0.4285 0.446189279732 0.00966666666667 0.0154941373534
3 0.417833333333 0.459380234506 0.00966666666667 0.0159128978224
3 0.408333333333 0.47445561139 0.00933333333333 0.0175879396985
3 0.3965 0.492462311558 0.0103333333333 0.0150753768844
3 0.408666666667 0.503768844221 0.0113333333333 0.0159128978224
3 0.402333333333 0.526800670017 0.0113333333333 0.0159128978224
3 0.389166666667 0.523869346734 0.011 0.0150753768844
3 0.380333333333 0.507118927973 0.0106666666667 0.0175879396985
3 0.3705 0.495184254606 0.00966666666667 0.0154941373534
3 0.391166666667 0.462102177554 0.011 0.0163316582915
3 0.390166666667 0.450795644891 0.0103333333333 0.0121440536013
3 0.3985 0.437185929648 0.009 0.0150753768844
3 0.407333333333 0.442001675042 0.01 0.0163316582915
3 0.424166666667 0.422319932998 0.0103333333333 0.0154941373534
3 0.444333333333 0.419807370184 0.0106666666667 0.0138190954774
3 0.3955 0.409547738693 0.009 0.0150753768844
3 0.404 0.391331658291 0.01 0.0146566164154
3 0.3825 0.396775544389 0.00966666666667 0.0138190954774
3 0.373833333333 0.417504187605 0.0103333333333 0.0150753768844
3 0.378666666667 0.435510887772 0.01 0.0150753768844
3 0.362666666667 0.445351758794 0.0106666666667 0.0146566164154
3 0.362 0.426507537688 0.00933333333333 0.0146566164154
3 0.364 0.477177554439 0.00933333333333 0.0146566164154
3 0.351166666667 0.474664991625 0.00966666666667 0.0146566164154
3 0.328333333333 0.439279731993 0.00866666666667 0.0159128978224
3 0.3395 0.448492462312 0.0116666666667 0.0159128978224
3 0.3395 0.430485762144 0.00966666666667 0.0142378559464
3 0.329833333333 0.418551088777 0.009 0.0146566164154
3 0.324166666667 0.402638190955 0.00833333333333 0.0146566164154
3 0.315 0.393216080402 0.00866666666667 0.0142378559464
3 0.308333333333 0.386306532663 0.00866666666667 0.0138190954774
3 0.310666666667 0.363484087102 0.0106666666667 0.0159128978224
3 0.2995 0.355527638191 0.009 0.0142378559464
3 0.328666666667 0.354061976549 0.00933333333333 0.0138190954774
3 0.333833333333 0.376884422111 0.009 0.0159128978224
3 0.3535 0.385259631491 0.00966666666667 0.0159128978224
3 0.3615 0.399078726968 0.0103333333333 0.0142378559464
3 0.377333333333 0.378350083752 0.01 0.0154941373534
3 0.400666666667 0.376675041876 0.00933333333333 0.0146566164154
3 0.3965 0.359505862647 0.0103333333333 0.0154941373534
3 0.371166666667 0.359924623116 0.009 0.0146566164154
3 0.342666666667 0.400125628141 0.0106666666667 0.0154941373534
3 0.345666666667 0.357621440536 0.00933333333333 0.0150753768844
3 0.3545 0.349246231156 0.00833333333333 0.0142378559464
3 0.3565 0.335217755444 0.00833333333333 0.0138190954774
3 0.382666666667 0.344639865997 0.008 0.0159128978224
3 0.383666666667 0.333961474037 0.00933333333333 0.0129815745394
3 0.382333333333 0.319932998325 0.01 0.0150753768844
3 0.307833333333 0.341708542714 0.00966666666667 0.0150753768844
3 0.3015 0.328308207705 0.009 0.0134003350084
3 0.300666666667 0.309673366834 0.00933333333333 0.0138190954774
3 0.302333333333 0.290201005025 0.00933333333333 0.0134003350084
3 0.314166666667 0.291457286432 0.00833333333333 0.0125628140704
3 0.324666666667 0.296901172529 0.00933333333333 0.0125628140704
3 0.320666666667 0.308207705193 0.00866666666667 0.0125628140704
3 0.322833333333 0.319095477387 0.009 0.0134003350084
3 0.334666666667 0.337102177554 0.0106666666667 0.0134003350084
3 0.339 0.310720268007 0.00933333333333 0.0134003350084
3 0.358 0.304229480737 0.00933333333333 0.0146566164154
3 0.365833333333 0.299832495812 0.00833333333333 0.0125628140704
3 0.386833333333 0.311557788945 0.00833333333333 0.0134003350084
3 0.383666666667 0.297529313233 0.00866666666667 0.0146566164154
3 0.385833333333 0.287479061977 0.00833333333333 0.0138190954774
3 0.3915 0.282035175879 0.00833333333333 0.0146566164154
3 0.365 0.279941373534 0.00866666666667 0.0138190954774
3 0.353666666667 0.272403685092 0.00866666666667 0.0129815745394
3 0.358166666667 0.261097152429 0.00966666666667 0.0138190954774
3 0.326333333333 0.265494137353 0.00866666666667 0.0125628140704
3 0.3205 0.271147403685 0.009 0.0154941373534
3 0.338833333333 0.27742881072 0.00966666666667 0.0129815745394
3 0.3425 0.287269681742 0.00966666666667 0.0142378559464
3 0.326 0.244765494137 0.00866666666667 0.0138190954774
3 0.334166666667 0.230527638191 0.009 0.0129815745394
3 0.351 0.237855946399 0.00866666666667 0.0142378559464
3 0.343833333333 0.250209380235 0.009 0.0129815745394
3 0.3675 0.246859296482 0.00833333333333 0.0146566164154
3 0.381333333333 0.257328308208 0.008 0.0146566164154
3 0.381833333333 0.274288107203 0.009 0.0134003350084
3 0.397 0.262772194305 0.00933333333333 0.0146566164154
3 0.408666666667 0.261306532663 0.008 0.0134003350084
3 0.3845 0.248115577889 0.00833333333333 0.0121440536013
3 0.372166666667 0.233668341709 0.009 0.0134003350084
3 0.3575 0.223827470687 0.00833333333333 0.0138190954774
3 0.374166666667 0.213358458961 0.009 0.0146566164154
3 0.381333333333 0.202680067002 0.008 0.0150753768844
3 0.396666666667 0.218802345059 0.00733333333333 0.0121440536013
3 0.388 0.227805695142 0.00866666666667 0.0142378559464
3 0.399833333333 0.236390284757 0.009 0.0129815745394
3 0.412 0.245184254606 0.00933333333333 0.0138190954774
3 0.410666666667 0.235552763819 0.00933333333333 0.0121440536013
3 0.400166666667 0.203936348409 0.00966666666667 0.0142378559464
3 0.398833333333 0.19472361809 0.009 0.0108877721943
3 0.4085 0.210008375209 0.00966666666667 0.0138190954774
3 0.417333333333 0.197654941374 0.00933333333333 0.0142378559464
3 0.424666666667 0.218802345059 0.00933333333333 0.0129815745394
3 0.424833333333 0.242671691792 0.00833333333333 0.0129815745394
3 0.4315 0.238902847571 0.00766666666667 0.0129815745394
3 0.433333333333 0.226130653266 0.00933333333333 0.0134003350084
3 0.433166666667 0.204983249581 0.00966666666667 0.0138190954774
3 0.431 0.190745393635 0.00933333333333 0.0146566164154
3 0.427 0.179020100503 0.01 0.0129815745394
3 0.456666666667 0.177554438861 0.01 0.0134003350084
3 0.457666666667 0.191373534338 0.01 0.0134003350084
3 0.447166666667 0.200586264657 0.00766666666667 0.0142378559464
3 0.4445 0.216917922948 0.009 0.0134003350084
3 0.446 0.234715242881 0.00933333333333 0.0138190954774
3 0.455333333333 0.228015075377 0.00933333333333 0.0129815745394
3 0.469833333333 0.22257118928 0.00966666666667 0.0138190954774
3 0.454833333333 0.208333333333 0.009 0.0129815745394
3 0.4685 0.198911222781 0.009 0.0125628140704
3 0.473833333333 0.186139028476 0.00966666666667 0.0138190954774
3 0.483666666667 0.191164154104 0.00933333333333 0.0121440536013
3 0.489666666667 0.179648241206 0.00866666666667 0.0142378559464
3 0.474166666667 0.21608040201 0.007 0.0134003350084
3 0.485 0.219221105528 0.008 0.0129815745394
3 0.490833333333 0.209798994975 0.00766666666667 0.0125628140704
3 0.501166666667 0.212102177554 0.00766666666667 0.0121440536013
3 0.5085 0.210217755444 0.00833333333333 0.0134003350084
3 0.502 0.193886097152 0.00866666666667 0.0125628140704
3 0.513166666667 0.174204355109 0.00833333333333 0.0134003350084
3 0.517666666667 0.195770519263 0.008 0.0129815745394
3 0.527166666667 0.200167504188 0.00833333333333 0.0117252931323
3 0.529166666667 0.209798994975 0.00833333333333 0.0125628140704
3 0.519 0.217964824121 0.00866666666667 0.0138190954774
3 0.536 0.219011725293 0.00866666666667 0.0134003350084
3 0.5385 0.180904522613 0.009 0.0134003350084
3 0.557 0.181323283082 0.00933333333333 0.0134003350084
3 0.547166666667 0.196608040201 0.00833333333333 0.0146566164154
3 0.551166666667 0.20770519263 0.00833333333333 0.0142378559464
3 0.5525 0.222989949749 0.009 0.0146566164154
3 0.569833333333 0.23094639866 0.00766666666667 0.0138190954774
3 0.567 0.201633165829 0.00866666666667 0.0146566164154
3 0.578666666667 0.187185929648 0.00933333333333 0.0134003350084
3 0.597666666667 0.200586264657 0.00866666666667 0.0150753768844
3 0.591166666667 0.211474036851 0.009 0.0134003350084
3 0.5755 0.215033500838 0.009 0.0138190954774
3 0.580666666667 0.234296482412 0.008 0.0138190954774
3 0.587333333333 0.238065326633 0.008 0.0138190954774
3 0.592 0.244765494137 0.00866666666667 0.0138190954774
3 0.593166666667 0.229690117253 0.009 0.0129815745394
4 0.846166666667 0.547319932998 0.011 0.0159128978224
4 0.7995 0.525753768844 0.0103333333333 0.0138190954774
3 0.788833333333 0.467964824121 0.0143333333333 0.0180067001675
4 0.726 0.0318257956449 0.00733333333333 0.0125628140704
4 0.733333333333 0.0374790619765 0.00733333333333 0.0113065326633
