2 0.143542666388 0.362344872632 0.0271228875443 0.0636838667538
2 0.167223033591 0.353527106466 0.0360943041936 0.0760940561724
2 0.301585645733 0.298334421946 0.0715626955977 0.156433703462
2 0.41842269977 0.315806662312 0.0686417692468 0.145003265839
2 0.375443354893 0.375081645983 0.0252451491759 0.0434356629654
2 0.463801377008 0.362508164598 0.0300438138953 0.0496407576747
2 0.513039849781 0.36985630307 0.0321301898602 0.0584585238406
2 0.646985186731 0.365937295885 0.0287919883163 0.0584585238406
2 0.666910077196 0.385858915741 0.019403296474 0.0434356629654
2 0.690381806802 0.383899412149 0.0283747131233 0.0493141737427
