2 0.616455696203 0.337037037037 0.0911392405063 0.188888888889
2 0.789873417722 0.343518518519 0.136708860759 0.268518518519
2 0.370886075949 0.459259259259 0.0253164556962 0.037037037037
2 0.414556962025 0.457407407407 0.0113924050633 0.0185185185185
2 0.351898734177 0.44537037037 0.0151898734177 0.0240740740741
0 0.308227848101 0.467592592593 0.0139240506329 0.0240740740741
2 0.291139240506 0.45462962963 0.0126582278481 0.0203703703704
2 0.215189873418 0.446296296296 0.0101265822785 0.0148148148148
2 0.225949367089 0.452777777778 0.00886075949367 0.012962962963
2 0.198101265823 0.447222222222 0.00886075949367 0.012962962963
2 0.0101265822785 0.492592592593 0.0151898734177 0.0296296296296
