4 0.982307692308 0.535975609756 0.0230769230769 0.0353658536585
4 0.960384615385 0.551219512195 0.0130769230769 0.0292682926829
4 0.911538461538 0.551219512195 0.0184615384615 0.0341463414634
4 0.896923076923 0.539634146341 0.0215384615385 0.0378048780488
4 0.912307692308 0.52256097561 0.0123076923077 0.0231707317073
2 0.885769230769 0.52012195122 0.0115384615385 0.0207317073171
4 0.878461538462 0.546951219512 0.0184615384615 0.0378048780488
4 0.867692307692 0.524390243902 0.0123076923077 0.0243902439024
4 0.861538461538 0.55 0.0169230769231 0.0317073170732
4 0.850769230769 0.519512195122 0.0138461538462 0.0243902439024
4 0.815384615385 0.539634146341 0.0184615384615 0.0353658536585
4 0.822692307692 0.519512195122 0.0115384615385 0.0219512195122
4 0.805 0.515243902439 0.0146153846154 0.0231707317073
4 0.776538461538 0.525 0.0115384615385 0.0231707317073
4 0.761538461538 0.517073170732 0.0138461538462 0.0243902439024
4 0.765769230769 0.575 0.0130769230769 0.0231707317073
4 0.731153846154 0.496341463415 0.01 0.0219512195122
4 0.731538461538 0.52012195122 0.0123076923077 0.0207317073171
4 0.706153846154 0.496341463415 0.0123076923077 0.0219512195122
4 0.693846153846 0.546951219512 0.0184615384615 0.0353658536585
4 0.676923076923 0.499390243902 0.0138461538462 0.0231707317073
4 0.666153846154 0.546951219512 0.0153846153846 0.0329268292683
4 0.676538461538 0.55 0.0146153846154 0.0341463414634
4 0.628076923077 0.582317073171 0.0176923076923 0.040243902439
4 0.641923076923 0.54756097561 0.0176923076923 0.0341463414634
4 0.643461538462 0.519512195122 0.0130769230769 0.0219512195122
4 0.621153846154 0.50243902439 0.0130769230769 0.0243902439024
4 0.608846153846 0.520731707317 0.0146153846154 0.0219512195122
4 0.607307692308 0.501829268293 0.01 0.0182926829268
4 0.598846153846 0.50243902439 0.0115384615385 0.019512195122
4 0.585769230769 0.526829268293 0.0115384615385 0.0219512195122
4 0.581538461538 0.55487804878 0.0138461538462 0.0268292682927
4 0.606923076923 0.568292682927 0.0169230769231 0.0292682926829
4 0.566923076923 0.517682926829 0.0153846153846 0.0231707317073
4 0.554230769231 0.498780487805 0.0115384615385 0.019512195122
4 0.554615384615 0.557317073171 0.0184615384615 0.0317073170732
4 0.541538461538 0.559146341463 0.0123076923077 0.0280487804878
4 0.53 0.496341463415 0.0123076923077 0.0243902439024
4 0.526923076923 0.560365853659 0.0184615384615 0.0329268292683
4 0.516153846154 0.528658536585 0.0107692307692 0.0207317073171
4 0.497307692308 0.542073170732 0.0192307692308 0.0353658536585
4 0.498846153846 0.490243902439 0.0115384615385 0.0243902439024
4 0.490384615385 0.504268292683 0.01 0.0182926829268
4 0.479230769231 0.49756097561 0.0107692307692 0.019512195122
4 0.476923076923 0.546341463415 0.0169230769231 0.0268292682927
4 0.465384615385 0.546951219512 0.0138461538462 0.0256097560976
4 0.454615384615 0.521341463415 0.0123076923077 0.0231707317073
4 0.446153846154 0.541463414634 0.0153846153846 0.0292682926829
4 0.438461538462 0.556707317073 0.0184615384615 0.0329268292683
4 0.431923076923 0.506707317073 0.0115384615385 0.0231707317073
4 0.385384615385 0.555487804878 0.0153846153846 0.0280487804878
4 0.403076923077 0.57256097561 0.0107692307692 0.0158536585366
4 0.373461538462 0.579268292683 0.0269230769231 0.0487804878049
4 0.345769230769 0.546341463415 0.0146153846154 0.0317073170732
4 0.33 0.54512195122 0.0169230769231 0.0317073170732
4 0.306923076923 0.562804878049 0.02 0.0353658536585
4 0.283461538462 0.539634146341 0.0238461538462 0.0378048780488
4 0.264615384615 0.549390243902 0.0184615384615 0.0353658536585
4 0.243461538462 0.546341463415 0.0161538461538 0.0317073170732
2 0.227692307692 0.539024390244 0.0184615384615 0.0414634146341
4 0.192692307692 0.548780487805 0.0146153846154 0.0292682926829
4 0.173461538462 0.546951219512 0.0176923076923 0.0280487804878
4 0.131923076923 0.539634146341 0.0176923076923 0.0353658536585
4 0.116538461538 0.537804878049 0.0161538461538 0.0292682926829
4 0.0926923076923 0.543902439024 0.0207692307692 0.0341463414634
4 0.0688461538462 0.536585365854 0.0192307692308 0.0341463414634
4 0.0242307692308 0.598780487805 0.0315384615385 0.0560975609756
4 0.0169230769231 0.54512195122 0.02 0.0341463414634
