1 0.0809523809524 0.122580645161 0.0666666666667 0.129032258065
1 0.199047619048 0.0870967741935 0.0552380952381 0.135483870968
1 0.259047619048 0.140322580645 0.0647619047619 0.151612903226
1 0.326666666667 0.120967741935 0.0628571428571 0.145161290323
4 0.415238095238 0.125806451613 0.0533333333333 0.116129032258
4 0.471428571429 0.158064516129 0.0514285714286 0.129032258065
4 0.507619047619 0.1 0.0552380952381 0.135483870968
4 0.582857142857 0.117741935484 0.0571428571429 0.125806451613
4 0.657142857143 0.0725806451613 0.0533333333333 0.132258064516
4 0.690476190476 0.161290322581 0.0552380952381 0.141935483871
4 0.734285714286 0.0935483870968 0.0552380952381 0.122580645161
4 0.808571428571 0.103225806452 0.0552380952381 0.129032258065
4 0.889523809524 0.101612903226 0.0533333333333 0.11935483871
4 0.945714285714 0.174193548387 0.0590476190476 0.122580645161
