1 0.189937106918 0.607338444688 0.0477987421384 0.106243154436
4 0.198113207547 0.515334063527 0.0314465408805 0.0646221248631
3 0.270125786164 0.548192771084 0.0396226415094 0.0865279299014
0 0.301572327044 0.486856516977 0.0358490566038 0.0777656078861
4 0.409119496855 0.603504928806 0.0421383647799 0.078860898138
4 0.385849056604 0.508762322015 0.0345911949686 0.0668127053669
4 0.483333333333 0.491785323111 0.0333333333333 0.0613362541073
0 0.495911949686 0.530668127054 0.0383647798742 0.0821467688938
4 0.599371069182 0.535049288061 0.0364779874214 0.0755750273823
1 0.70786163522 0.539978094195 0.0396226415094 0.0898138006572
1 0.806603773585 0.496714129244 0.0433962264151 0.0843373493976
4 0.903773584906 0.555859802848 0.0452830188679 0.0777656078861
