4 0.16650390625 0.350549450549 0.060546875 0.0989010989011
4 0.30126953125 0.37032967033 0.04296875 0.0754578754579
3 0.2373046875 0.488644688645 0.0205078125 0.0380952380952
0 0.442626953125 0.485347985348 0.02099609375 0.0358974358974
0 0.391845703125 0.49706959707 0.02001953125 0.0344322344322
0 0.0078125 0.472161172161 0.015625 0.0417582417582
0 0.05126953125 0.489377289377 0.0234375 0.0410256410256
4 0.517578125 0.305860805861 0.0439453125 0.0857142857143
4 0.624755859375 0.38021978022 0.03857421875 0.0776556776557
4 0.745361328125 0.370695970696 0.04541015625 0.0776556776557
4 0.891357421875 0.377655677656 0.05224609375 0.0827838827839
4 0.83056640625 0.430769230769 0.029296875 0.0454212454212
