1 0.61083984375 0.300668151448 0.0517578125 0.102449888641
1 0.669189453125 0.272086117298 0.04931640625 0.0972531551596
1 0.749267578125 0.252041573868 0.04052734375 0.079435783222
1 0.644287109375 0.2858203415 0.01806640625 0.0786933927246
0 0.564453125 0.247587230883 0.0458984375 0.100222717149
0 0.52587890625 0.244246473645 0.048828125 0.108389012621
3 0.510986328125 0.213066072754 0.04248046875 0.0801781737194
3 0.46728515625 0.234595397179 0.0458984375 0.083147735709
2 0.71533203125 0.236080178174 0.0498046875 0.106904231626
0 0.7919921875 0.268002969562 0.052734375 0.108389012621
1 0.83154296875 0.247587230883 0.0517578125 0.0987379361544
1 0.8994140625 0.260207869339 0.05859375 0.116555308092
