0 0.679166666667 0.51637279597 0.0183333333333 0.0352644836272
1 0.565 0.531486146096 0.0533333333333 0.0906801007557
1 0.470833333333 0.664987405542 0.035 0.0453400503778
4 0.455833333333 0.557934508816 0.0316666666667 0.0579345088161
4 0.399166666667 0.522670025189 0.0216666666667 0.0377833753149
1 0.365 0.511335012594 0.0233333333333 0.0403022670025
4 0.373333333333 0.550377833753 0.0366666666667 0.0629722921914
3 0.315 0.511335012594 0.02 0.0352644836272
1 0.328333333333 0.540302267003 0.0333333333333 0.0629722921914
1 0.201666666667 0.545340050378 0.0433333333333 0.0730478589421
4 0.894166666667 0.503778337531 0.0483333333333 0.0906801007557
