1 0.267272727273 0.207084468665 0.0654545454545 0.119891008174
2 0.141818181818 0.280653950954 0.0509090909091 0.103542234332
2 0.342727272727 0.284741144414 0.0490909090909 0.106267029973
2 0.43 0.260217983651 0.0490909090909 0.0844686648501
2 0.500909090909 0.262942779292 0.0636363636364 0.122615803815
2 0.594545454545 0.231607629428 0.0545454545455 0.103542234332
2 0.649090909091 0.226158038147 0.0363636363636 0.0926430517711
2 0.688181818182 0.202997275204 0.0636363636364 0.117166212534
2 0.786363636364 0.25204359673 0.0563636363636 0.111716621253
2 0.827272727273 0.25204359673 0.0218181818182 0.0572207084469
2 0.906363636364 0.231607629428 0.0636363636364 0.119891008174
2 0.949090909091 0.279291553134 0.0218181818182 0.0354223433243
2 0.98 0.269754768392 0.0363636363636 0.0708446866485
