0 0.165162454874 0.384823848238 0.214801444043 0.271002710027
1 0.361010830325 0.0447154471545 0.057761732852 0.0894308943089
1 0.731046931408 0.49593495935 0.12274368231 0.178861788618
1 0.907039711191 0.462059620596 0.0667870036101 0.10027100271
1 0.796028880866 0.138211382114 0.0649819494585 0.113821138211
1 0.834837545126 0.227642276423 0.0234657039711 0.0433604336043
1 0.856498194946 0.238482384824 0.0306859205776 0.0487804878049
1 0.68321299639 0.112466124661 0.0198555956679 0.029810298103
1 0.657039711191 0.0948509485095 0.0216606498195 0.0379403794038
0 0.724729241877 0.109756097561 0.0306859205776 0.0569105691057
