4 0.2975 0.442355889724 0.0483333333333 0.0977443609023
4 0.374166666667 0.577694235589 0.055 0.0927318295739
4 0.391666666667 0.479949874687 0.05 0.0927318295739
4 0.484166666667 0.498746867168 0.0516666666667 0.0902255639098
4 0.484166666667 0.586466165414 0.0516666666667 0.0902255639098
4 0.56 0.494987468672 0.0466666666667 0.077694235589
4 0.635 0.496240601504 0.0466666666667 0.0802005012531
4 0.71 0.50626566416 0.0366666666667 0.0751879699248
4 0.766666666667 0.518796992481 0.05 0.0802005012531
4 0.584166666667 0.597744360902 0.0516666666667 0.0927318295739
4 0.683333333333 0.563909774436 0.0533333333333 0.100250626566
4 0.790833333333 0.592731829574 0.0483333333333 0.0877192982456
4 0.8325 0.483709273183 0.045 0.0802005012531
4 0.919166666667 0.501253132832 0.045 0.0802005012531
4 0.878333333333 0.572681704261 0.0533333333333 0.0877192982456
4 0.966666666667 0.593984962406 0.0433333333333 0.0852130325815
