0 0.103333333333 0.598337950139 0.0333333333333 0.0554016620499
0 0.1575 0.605263157895 0.0283333333333 0.0637119113573
0 0.205833333333 0.614958448753 0.035 0.0720221606648
0 0.29 0.596952908587 0.03 0.0581717451524
0 0.266666666667 0.727146814404 0.0333333333333 0.0581717451524
0 0.320833333333 0.609418282548 0.0183333333333 0.0554016620499
0 0.340833333333 0.728531855956 0.0316666666667 0.0554016620499
0 0.41 0.740997229917 0.03 0.0526315789474
0 0.605833333333 0.711911357341 0.0283333333333 0.0609418282548
0 0.629166666667 0.614958448753 0.025 0.0498614958449
0 0.663333333333 0.58864265928 0.03 0.0581717451524
0 0.693333333333 0.698060941828 0.0366666666667 0.0720221606648
0 0.7325 0.583102493075 0.0316666666667 0.0637119113573
0 0.793333333333 0.606648199446 0.03 0.0609418282548
0 0.846666666667 0.594182825485 0.0333333333333 0.0637119113573
0 0.795833333333 0.736842105263 0.0316666666667 0.0720221606648
3 0.916666666667 0.731301939058 0.0366666666667 0.0831024930748
3 0.6075 0.613573407202 0.0316666666667 0.0692520775623
3 0.338333333333 0.603878116343 0.0266666666667 0.0554016620499
3 0.3975 0.595567867036 0.0316666666667 0.0609418282548
3 0.151666666667 0.736842105263 0.03 0.0609418282548
