4 0.037962962963 0.392361111111 0.0259259259259 0.0402777777778
4 0.0615740740741 0.468055555556 0.025 0.0444444444444
4 0.0523148148148 0.5125 0.0305555555556 0.05
4 0.0587962962963 0.328472222222 0.0212962962963 0.0347222222222
4 0.111574074074 0.372916666667 0.0231481481481 0.0402777777778
4 0.125925925926 0.432638888889 0.0222222222222 0.0458333333333
4 0.113425925926 0.519444444444 0.0268518518519 0.0444444444444
4 0.140277777778 0.305555555556 0.0231481481481 0.0361111111111
4 0.164351851852 0.374305555556 0.0231481481481 0.0402777777778
4 0.183333333333 0.436111111111 0.0240740740741 0.0416666666667
4 0.200462962963 0.396527777778 0.0212962962963 0.0430555555556
4 0.199537037037 0.296527777778 0.0212962962963 0.0430555555556
4 0.16712962963 0.542361111111 0.0231481481481 0.0430555555556
4 0.221296296296 0.472222222222 0.0203703703704 0.0416666666667
4 0.223611111111 0.547916666667 0.025 0.0430555555556
4 0.281018518519 0.540277777778 0.025 0.0444444444444
4 0.304166666667 0.489583333333 0.0231481481481 0.0402777777778
4 0.31712962963 0.548611111111 0.0268518518519 0.0472222222222
4 0.249537037037 0.384722222222 0.0231481481481 0.0388888888889
4 0.243981481481 0.302777777778 0.0231481481481 0.0388888888889
4 0.283333333333 0.295833333333 0.0222222222222 0.0361111111111
4 0.277314814815 0.345138888889 0.0212962962963 0.0402777777778
4 0.3 0.367361111111 0.0240740740741 0.0402777777778
4 0.335185185185 0.334722222222 0.0203703703704 0.0361111111111
4 0.339814814815 0.29375 0.0222222222222 0.0375
4 0.352314814815 0.264583333333 0.0212962962963 0.0347222222222
4 0.384722222222 0.309722222222 0.0212962962963 0.0361111111111
4 0.360648148148 0.547916666667 0.025 0.0430555555556
4 0.406481481481 0.548611111111 0.0259259259259 0.0444444444444
4 0.456018518519 0.565972222222 0.025 0.0458333333333
4 0.536111111111 0.55 0.0259259259259 0.0472222222222
4 0.57962962963 0.495833333333 0.0222222222222 0.0388888888889
4 0.397222222222 0.284027777778 0.0222222222222 0.0347222222222
4 0.42962962963 0.291666666667 0.0203703703704 0.0305555555556
4 0.473611111111 0.28125 0.0194444444444 0.0347222222222
4 0.473611111111 0.320833333333 0.0212962962963 0.0388888888889
4 0.519444444444 0.315972222222 0.0203703703704 0.0375
4 0.543055555556 0.276388888889 0.0212962962963 0.0388888888889
4 0.564351851852 0.3125 0.0212962962963 0.0361111111111
4 0.591666666667 0.345138888889 0.0203703703704 0.0402777777778
4 0.612962962963 0.31875 0.0222222222222 0.0375
4 0.62962962963 0.29375 0.0203703703704 0.0347222222222
4 0.62037037037 0.411111111111 0.0222222222222 0.0388888888889
4 0.612037037037 0.568055555556 0.0240740740741 0.0444444444444
4 0.66712962963 0.563888888889 0.025 0.05
4 0.678703703704 0.411111111111 0.0222222222222 0.0416666666667
4 0.65 0.349305555556 0.0222222222222 0.0375
4 0.689351851852 0.333333333333 0.0194444444444 0.0388888888889
4 0.691203703704 0.290972222222 0.0194444444444 0.0319444444444
4 0.772685185185 0.295833333333 0.0212962962963 0.0361111111111
4 0.739814814815 0.334027777778 0.0222222222222 0.0375
4 0.744907407407 0.366666666667 0.0231481481481 0.0361111111111
4 0.728703703704 0.420138888889 0.0222222222222 0.0402777777778
4 0.789814814815 0.432638888889 0.0240740740741 0.0402777777778
4 0.801388888889 0.349305555556 0.0212962962963 0.0375
4 0.828240740741 0.325694444444 0.0194444444444 0.0375
4 0.867592592593 0.358333333333 0.0222222222222 0.0416666666667
4 0.824537037037 0.404861111111 0.0231481481481 0.0375
4 0.855555555556 0.45 0.0240740740741 0.0388888888889
4 0.780555555556 0.563888888889 0.0240740740741 0.0416666666667
4 0.846759259259 0.53125 0.025 0.0486111111111
4 0.918055555556 0.379166666667 0.025 0.0416666666667
4 0.912962962963 0.43125 0.0240740740741 0.0430555555556
4 0.917592592593 0.565972222222 0.0240740740741 0.0486111111111
4 0.9625 0.575 0.0268518518519 0.0472222222222
