4 0.02578125 0.586458333333 0.0484375 0.08125
4 0.096875 0.563541666667 0.05 0.0770833333333
4 0.2 0.514583333333 0.040625 0.0666666666667
4 0.25390625 0.567708333333 0.0421875 0.0729166666667
4 0.37109375 0.622916666667 0.0421875 0.0583333333333
4 0.4125 0.5125 0.053125 0.0708333333333
4 0.496875 0.55 0.046875 0.0708333333333
4 0.5703125 0.559375 0.04375 0.0729166666667
4 0.671875 0.563541666667 0.04375 0.06875
4 0.77421875 0.560416666667 0.0453125 0.0708333333333
4 0.8640625 0.566666666667 0.046875 0.075
4 0.95546875 0.569791666667 0.0484375 0.0729166666667
4 0.8890625 0.382291666667 0.04375 0.06875
4 0.75078125 0.404166666667 0.0390625 0.0583333333333
4 0.68515625 0.380208333333 0.0421875 0.0645833333333
4 0.5734375 0.353125 0.040625 0.06875
4 0.50703125 0.360416666667 0.0390625 0.0625
4 0.4421875 0.369791666667 0.0375 0.0604166666667
4 0.371875 0.365625 0.0375 0.06875
4 0.31484375 0.377083333333 0.0390625 0.0625
4 0.25859375 0.3625 0.0359375 0.0708333333333
4 0.20234375 0.371875 0.0421875 0.06875
4 0.1265625 0.363541666667 0.040625 0.0645833333333
