3 0.155246252677 0.259259259259 0.310492505353 0.507122507123
4 0.265524625268 0.447293447293 0.0899357601713 0.165242165242
4 0.388650963597 0.38603988604 0.0706638115632 0.122507122507
4 0.401498929336 0.626780626781 0.104925053533 0.193732193732
4 0.529978586724 0.408831908832 0.0920770877944 0.145299145299
4 0.699143468951 0.45584045584 0.147751605996 0.210826210826
4 0.854389721627 0.547008547009 0.184154175589 0.250712250712
4 0.816916488223 0.299145299145 0.0492505353319 0.0797720797721
4 0.733404710921 0.31339031339 0.0663811563169 0.0854700854701
4 0.91113490364 0.343304843305 0.122055674518 0.162393162393
4 0.843683083512 0.226495726496 0.0385438972163 0.0541310541311
4 0.443254817987 0.279202279202 0.0471092077088 0.0797720797721
3 0.338329764454 0.273504273504 0.0256959314775 0.034188034188
4 0.36295503212 0.263532763533 0.0192719486081 0.025641025641
4 0.497858672377 0.267806267806 0.0192719486081 0.02849002849
2 0.594218415418 0.293447293447 0.0877944325482 0.153846153846
4 0.978586723769 0.24358974359 0.0385438972163 0.122507122507
4 0.921841541756 0.252136752137 0.0449678800857 0.048433048433
