2 0.1734375 0.419791666667 0.06875 0.0979166666667
2 0.31015625 0.396875 0.0609375 0.0854166666667
4 0.375 0.441666666667 0.034375 0.0541666666667
4 0.41640625 0.451041666667 0.0328125 0.0645833333333
4 0.44375 0.453125 0.028125 0.0520833333333
4 0.478125 0.451041666667 0.028125 0.0604166666667
2 0.50546875 0.447916666667 0.0421875 0.0708333333333
4 0.54609375 0.422916666667 0.0421875 0.0666666666667
4 0.60078125 0.445833333333 0.0453125 0.0625
4 0.6328125 0.461458333333 0.03125 0.0645833333333
3 0.68671875 0.432291666667 0.0390625 0.0604166666667
4 0.70546875 0.477083333333 0.0515625 0.0708333333333
4 0.7796875 0.498958333333 0.046875 0.0770833333333
4 0.81953125 0.441666666667 0.0453125 0.0625
4 0.82890625 0.488541666667 0.0453125 0.06875
4 0.871875 0.491666666667 0.059375 0.0833333333333
4 0.9578125 0.415625 0.05625 0.06875
4 0.97421875 0.489583333333 0.0453125 0.0791666666667
