3 0.138333333333 0.386666666667 0.0733333333333 0.102222222222
3 0.205 0.376666666667 0.0833333333333 0.126666666667
3 0.36 0.398888888889 0.09 0.144444444444
3 0.410833333333 0.426666666667 0.045 0.0933333333333
3 0.491666666667 0.408888888889 0.0566666666667 0.0888888888889
3 0.57 0.368888888889 0.0566666666667 0.0933333333333
3 0.6175 0.411111111111 0.0483333333333 0.0666666666667
3 0.691666666667 0.447777777778 0.0866666666667 0.144444444444
3 0.72 0.347777777778 0.0633333333333 0.0822222222222
3 0.790833333333 0.408888888889 0.0483333333333 0.0666666666667
3 0.835833333333 0.402222222222 0.035 0.0666666666667
3 0.968333333333 0.437777777778 0.06 0.0933333333333
