1 0.373484141791 0.566011235955 0.0380130597015 0.0772471910112
0 0.396805037313 0.565133426966 0.0170242537313 0.0544241573034
2 0.461986940299 0.535990168539 0.0433768656716 0.0867275280899
3 0.49708488806 0.568117977528 0.0277518656716 0.0519662921348
2 0.559118470149 0.577598314607 0.0314832089552 0.0667134831461
2 0.623367537313 0.574087078652 0.035447761194 0.0702247191011
1 0.647737873134 0.566362359551 0.0268190298507 0.0625
4 0.602145522388 0.586551966292 0.0163246268657 0.034058988764
4 0.681086753731 0.594978932584 0.0170242537313 0.031952247191
4 0.698927238806 0.589536516854 0.0111940298507 0.0189606741573
4 0.707905783582 0.591116573034 0.00676305970149 0.0129915730337
2 0.723064365672 0.587254213483 0.0142257462687 0.0256320224719
2 0.746035447761 0.594452247191 0.0163246268657 0.0337078651685
4 0.765974813433 0.598314606742 0.0179570895522 0.0344101123596
4 0.782066231343 0.593047752809 0.0151585820896 0.0294943820225
4 0.792327425373 0.58830758427 0.00629664179104 0.0115870786517
0 0.799673507463 0.582865168539 0.0107276119403 0.0189606741573
0 0.831972947761 0.598139044944 0.011427238806 0.0200140449438
1 0.821944962687 0.586200842697 0.00443097014925 0.0115870786517
1 0.845382462687 0.603581460674 0.00466417910448 0.00842696629213
1 0.888992537313 0.587429775281 0.00559701492537 0.0105337078652
2 0.854944029851 0.591994382022 0.00652985074627 0.00912921348315
4 0.879430970149 0.594978932584 0.00466417910448 0.00807584269663
1 0.90333488806 0.586551966292 0.00676305970149 0.0115870786517
4 0.90916511194 0.588658707865 0.00536380597015 0.00948033707865
