4 0.145 0.408629441624 0.0328571428571 0.0609137055838
4 0.205714285714 0.412436548223 0.0257142857143 0.0634517766497
4 0.227857142857 0.426395939086 0.0214285714286 0.0507614213198
4 0.272142857143 0.426395939086 0.0242857142857 0.0558375634518
2 0.288571428571 0.421319796954 0.0171428571429 0.0558375634518
4 0.32 0.425126903553 0.0285714285714 0.0583756345178
4 0.322857142857 0.39847715736 0.02 0.0406091370558
4 0.345714285714 0.422588832487 0.0228571428571 0.0532994923858
4 0.378571428571 0.441624365482 0.0228571428571 0.0507614213198
4 0.380714285714 0.402284263959 0.0214285714286 0.0380710659898
4 0.400714285714 0.397208121827 0.0242857142857 0.0532994923858
4 0.425 0.392131979695 0.0214285714286 0.0482233502538
4 0.420714285714 0.450507614213 0.0242857142857 0.0532994923858
4 0.445 0.413705583756 0.0214285714286 0.0507614213198
4 0.470714285714 0.446700507614 0.0214285714286 0.0507614213198
4 0.477142857143 0.406091370558 0.02 0.0507614213198
4 0.497142857143 0.418781725888 0.0228571428571 0.0507614213198
4 0.516428571429 0.395939086294 0.0214285714286 0.0456852791878
4 0.516428571429 0.444162436548 0.0242857142857 0.0558375634518
4 0.539285714286 0.421319796954 0.0242857142857 0.0558375634518
4 0.558571428571 0.441624365482 0.0257142857143 0.0558375634518
4 0.58 0.401015228426 0.0228571428571 0.0558375634518
4 0.599285714286 0.435279187817 0.0242857142857 0.0532994923858
4 0.614285714286 0.432741116751 0.0142857142857 0.0431472081218
3 0.655714285714 0.432741116751 0.0257142857143 0.0583756345178
4 0.680714285714 0.442893401015 0.0242857142857 0.0482233502538
4 0.693571428571 0.390862944162 0.0185714285714 0.0355329949239
4 0.702857142857 0.418781725888 0.02 0.0456852791878
4 0.715714285714 0.444162436548 0.0228571428571 0.0507614213198
4 0.733571428571 0.406091370558 0.0242857142857 0.0558375634518
4 0.75 0.426395939086 0.0257142857143 0.0507614213198
4 0.784285714286 0.432741116751 0.0228571428571 0.0583756345178
4 0.813571428571 0.435279187817 0.0271428571429 0.0634517766497
4 0.882142857143 0.403553299492 0.0328571428571 0.0710659898477
