4 0.096 0.40447761194 0.048 0.0805970149254
4 0.159 0.307462686567 0.094 0.155223880597
4 0.204 0.385074626866 0.044 0.0776119402985
4 0.243 0.398507462687 0.05 0.0925373134328
4 0.281 0.392537313433 0.038 0.0805970149254
4 0.364 0.401492537313 0.036 0.0567164179104
4 0.594 0.413432835821 0.02 0.0388059701493
4 0.61 0.429850746269 0.024 0.0417910447761
4 0.618 0.407462686567 0.016 0.0268656716418
4 0.67 0.426865671642 0.032 0.0537313432836
4 0.744 0.446268656716 0.028 0.0507462686567
4 0.762 0.426865671642 0.024 0.0417910447761
4 0.803 0.416417910448 0.038 0.0567164179104
4 0.897 0.423880597015 0.042 0.0716417910448
4 0.953 0.410447761194 0.05 0.0865671641791
