4 0.181428571429 0.340206185567 0.0628571428571 0.0865979381443
4 0.303571428571 0.313402061856 0.0528571428571 0.0907216494845
4 0.410714285714 0.326804123711 0.0528571428571 0.0886597938144
4 0.331428571429 0.340206185567 0.0257142857143 0.0577319587629
4 0.496428571429 0.330927835052 0.0528571428571 0.101030927835
4 0.588571428571 0.348453608247 0.0428571428571 0.0659793814433
4 0.623571428571 0.317525773196 0.03 0.0742268041237
4 0.651428571429 0.328865979381 0.0485714285714 0.0886597938144
4 0.732857142857 0.327835051546 0.0485714285714 0.0824742268041
4 0.847857142857 0.314432989691 0.05 0.0762886597938
