3 0.0609090909091 0.310626702997 0.0963636363636 0.114441416894
3 0.448181818182 0.326975476839 0.0745454545455 0.0926430517711
3 0.512727272727 0.351498637602 0.0472727272727 0.0871934604905
3 0.597272727273 0.295640326975 0.0636363636364 0.0953678474114
3 0.699090909091 0.313351498638 0.06 0.0762942779292
3 0.783636363636 0.328337874659 0.0363636363636 0.0681198910082
3 0.817272727273 0.363760217984 0.0345454545455 0.0681198910082
3 0.92 0.25068119891 0.123636363636 0.174386920981
1 0.755454545455 0.287465940054 0.0745454545455 0.111716621253
0 0.33 0.351498637602 0.0454545454545 0.0871934604905
0 0.282727272727 0.358310626703 0.06 0.111716621253
0 0.204545454545 0.33514986376 0.0527272727273 0.103542234332
0 0.172727272727 0.350136239782 0.0363636363636 0.0953678474114
