3 0.046875 0.301432291667 0.02734375 0.05078125
3 0.080078125 0.318359375 0.0546875 0.0872395833333
3 0.14453125 0.305989583333 0.037109375 0.0598958333333
3 0.2080078125 0.318359375 0.0234375 0.03515625
3 0.25341796875 0.2890625 0.0595703125 0.0989583333333
3 0.28466796875 0.32421875 0.0185546875 0.0442708333333
3 0.3203125 0.346354166667 0.037109375 0.0572916666667
3 0.35693359375 0.340494791667 0.0498046875 0.0924479166667
3 0.38720703125 0.354817708333 0.0302734375 0.05859375
3 0.4482421875 0.350260416667 0.04296875 0.0807291666667
3 0.4833984375 0.368489583333 0.0390625 0.0703125
3 0.7744140625 0.404947916667 0.033203125 0.0572916666667
2 0.64111328125 0.381510416667 0.0322265625 0.0572916666667
2 0.67333984375 0.375651041667 0.0458984375 0.0768229166667
2 0.6982421875 0.362630208333 0.03125 0.0690104166667
2 0.73828125 0.386067708333 0.02734375 0.0481770833333
2 0.84130859375 0.3984375 0.0478515625 0.0729166666667
