2 0.0494791666667 0.480430528376 0.0598958333333 0.119373776908
2 0.103515625 0.426614481409 0.07421875 0.172211350294
2 0.178385416667 0.452054794521 0.0703125 0.152641878669
2 0.255859375 0.466731898239 0.05859375 0.127201565558
2 0.327473958333 0.408023483366 0.102864583333 0.185909980431
2 0.379557291667 0.465753424658 0.0325520833333 0.0978473581213
2 0.429036458333 0.469667318982 0.04296875 0.0782778864971
2 0.553385416667 0.382583170254 0.0703125 0.154598825832
2 0.606119791667 0.454990215264 0.0481770833333 0.0841487279843
2 0.654947916667 0.537181996086 0.0286458333333 0.0606653620352
2 0.735677083333 0.407045009785 0.09375 0.180039138943
