4 0.91796875 0.765294117647 0.03125 0.0505882352941
4 0.88203125 0.751764705882 0.0234375 0.0470588235294
4 0.785546875 0.408823529412 0.01328125 0.0223529411765
4 0.752734375 0.407058823529 0.01484375 0.0211764705882
4 0.72265625 0.416470588235 0.0140625 0.0235294117647
4 0.64453125 0.434705882353 0.0171875 0.0247058823529
4 0.715234375 0.212352941176 0.01328125 0.02
4 0.690234375 0.212941176471 0.01171875 0.0188235294118
4 0.66875 0.23 0.0125 0.02
4 0.6375 0.241764705882 0.0109375 0.0176470588235
4 0.505859375 0.246470588235 0.01015625 0.02
4 0.4984375 0.262941176471 0.009375 0.0152941176471
4 0.546484375 0.27 0.01171875 0.02
4 0.55625 0.252941176471 0.0125 0.0188235294118
4 0.599609375 0.241764705882 0.01171875 0.02
4 0.5453125 0.443529411765 0.0109375 0.0164705882353
4 0.5359375 0.811764705882 0.009375 0.0141176470588
4 0.637890625 0.812941176471 0.00703125 0.0117647058824
