1 0.45625 0.610169491525 0.0675 0.131826741996
1 0.138125 0.279661016949 0.06375 0.114877589454
1 0.2375 0.274952919021 0.0425 0.090395480226
1 0.295 0.286252354049 0.0375 0.0715630885122
1 0.3625 0.275894538606 0.0275 0.0583804143126
1 0.405 0.267419962335 0.0425 0.090395480226
1 0.46375 0.278719397363 0.04 0.0828625235405
1 0.5225 0.255178907721 0.0425 0.0998116760829
1 0.665625 0.260828625235 0.02375 0.0583804143126
1 0.691875 0.25988700565 0.04125 0.090395480226
1 0.775 0.268361581921 0.05 0.0922787193974
1 0.835 0.232580037665 0.0625 0.114877589454
1 0.94875 0.221280602637 0.0675 0.133709981168
3 0.61 0.241996233522 0.0475 0.0998116760829
3 0.016875 0.265536723164 0.03375 0.0979284369115
