4 0.0475 0.157035175879 0.095 0.314070351759
4 0.0975 0.238693467337 0.085 0.180904522613
4 0.163333333333 0.311557788945 0.08 0.13567839196
4 0.205833333333 0.356783919598 0.0383333333333 0.0753768844221
4 0.3325 0.344221105528 0.0583333333333 0.0954773869347
4 0.398333333333 0.349246231156 0.0633333333333 0.105527638191
4 0.498333333333 0.353015075377 0.0566666666667 0.0879396984925
4 0.5475 0.35175879397 0.0483333333333 0.0904522613065
4 0.611666666667 0.371859296482 0.04 0.0653266331658
4 0.6525 0.371859296482 0.0616666666667 0.0954773869347
1 0.769166666667 0.311557788945 0.095 0.150753768844
