4 0.313333333333 0.561111111111 0.103333333333 0.153333333333
3 0.389166666667 0.414444444444 0.0583333333333 0.1
3 0.380833333333 0.332222222222 0.035 0.06
3 0.351666666667 0.321111111111 0.0266666666667 0.0466666666667
3 0.421666666667 0.371111111111 0.05 0.0844444444444
3 0.445 0.341111111111 0.0333333333333 0.0511111111111
3 0.4625 0.315555555556 0.025 0.0444444444444
3 0.474166666667 0.295555555556 0.015 0.0266666666667
3 0.488333333333 0.316666666667 0.0233333333333 0.0511111111111
3 0.51 0.31 0.0333333333333 0.06
3 0.505 0.403333333333 0.0766666666667 0.117777777778
3 0.54 0.337777777778 0.05 0.0755555555556
3 0.586666666667 0.336666666667 0.05 0.0911111111111
3 0.621666666667 0.318888888889 0.0333333333333 0.0688888888889
3 0.64 0.296666666667 0.0233333333333 0.0511111111111
3 0.693333333333 0.332222222222 0.0433333333333 0.06
3 0.723333333333 0.297777777778 0.0266666666667 0.0444444444444
3 0.749166666667 0.283333333333 0.0283333333333 0.0466666666667
3 0.793333333333 0.264444444444 0.04 0.0577777777778
3 0.801666666667 0.367777777778 0.07 0.0866666666667
3 0.851666666667 0.273333333333 0.0233333333333 0.04
3 0.9025 0.312222222222 0.0683333333333 0.0955555555556
3 0.9775 0.342222222222 0.0416666666667 0.0888888888889
3 0.983333333333 0.274444444444 0.0233333333333 0.0422222222222
1 0.0666666666667 0.686666666667 0.0166666666667 0.0266666666667
