2 0.198333333333 0.374444444444 0.07 0.113333333333
2 0.286666666667 0.42 0.04 0.0666666666667
2 0.3625 0.431111111111 0.0316666666667 0.0488888888889
2 0.398333333333 0.407777777778 0.04 0.0688888888889
2 0.481666666667 0.408888888889 0.04 0.0622222222222
2 0.519166666667 0.424444444444 0.0383333333333 0.0622222222222
2 0.566666666667 0.406666666667 0.0366666666667 0.0666666666667
2 0.648333333333 0.445555555556 0.0566666666667 0.0733333333333
2 0.715833333333 0.444444444444 0.0383333333333 0.0666666666667
2 0.758333333333 0.453333333333 0.0366666666667 0.0711111111111
2 0.8225 0.445555555556 0.115 0.144444444444
2 0.961666666667 0.478888888889 0.0733333333333 0.184444444444
