4 0.716931216931 0.358024691358 0.0723104056437 0.103703703704
4 0.760141093474 0.353086419753 0.042328042328 0.083950617284
4 0.664902998236 0.39012345679 0.0388007054674 0.0592592592593
4 0.552028218695 0.4 0.0352733686067 0.0592592592593
4 0.502645502646 0.388888888889 0.0246913580247 0.041975308642
4 0.42328042328 0.375308641975 0.0282186948854 0.0444444444444
4 0.376543209877 0.375308641975 0.037037037037 0.0592592592593
4 0.3430335097 0.371604938272 0.0335097001764 0.0617283950617
4 0.305996472663 0.406172839506 0.0440917107584 0.0716049382716
4 0.164902998236 0.338271604938 0.0617283950617 0.0938271604938
4 0.0749559082892 0.366666666667 0.037037037037 0.0716049382716
4 0.021164021164 0.366666666667 0.042328042328 0.101234567901
