2 0.675555555556 0.508361204013 0.0311111111111 0.0535117056856
2 0.751111111111 0.510033444816 0.0222222222222 0.0367892976589
3 0.612222222222 0.511705685619 0.0333333333333 0.066889632107
3 0.508888888889 0.505016722408 0.0311111111111 0.0535117056856
3 0.473333333333 0.518394648829 0.04 0.0602006688963
3 0.438888888889 0.501672240803 0.0333333333333 0.0535117056856
3 0.333333333333 0.486622073579 0.04 0.0702341137124
3 0.266666666667 0.493311036789 0.0311111111111 0.0434782608696
4 0.822222222222 0.498327759197 0.0266666666667 0.0468227424749
3 0.646666666667 0.515050167224 0.0177777777778 0.0334448160535
4 0.556666666667 0.493311036789 0.0333333333333 0.056856187291
