2 0.979442970822 0.545174537988 0.0305039787798 0.0595482546201
2 0.875331564987 0.526694045175 0.0477453580902 0.0800821355236
2 0.826923076923 0.525667351129 0.0278514588859 0.0451745379877
2 0.773872679045 0.535934291581 0.0278514588859 0.041067761807
2 0.704907161804 0.543121149897 0.0384615384615 0.0554414784394
2 0.67175066313 0.521560574949 0.0305039787798 0.0533880903491
2 0.618037135279 0.52977412731 0.026525198939 0.0533880903491
3 0.73474801061 0.526694045175 0.026525198939 0.0390143737166
3 0.544429708223 0.52772073922 0.0278514588859 0.0533880903491
2 0.559018567639 0.52977412731 0.0145888594164 0.041067761807
2 0.497347480106 0.535934291581 0.0318302387268 0.0533880903491
2 0.510610079576 0.517453798768 0.0212201591512 0.0492813141684
2 0.43899204244 0.520533880903 0.0212201591512 0.0431211498973
2 0.417771883289 0.521560574949 0.0291777188329 0.0451745379877
2 0.381962864721 0.525667351129 0.0291777188329 0.0492813141684
2 0.344827586207 0.525667351129 0.0238726790451 0.0451745379877
2 0.322944297082 0.520533880903 0.025198938992 0.047227926078
2 0.293103448276 0.528747433265 0.0212201591512 0.0431211498973
2 0.245358090186 0.515400410678 0.0397877984085 0.0616016427105
2 0.213527851459 0.511293634497 0.026525198939 0.0533880903491
2 0.192970822281 0.508213552361 0.0172413793103 0.0308008213552
2 0.16976127321 0.508213552361 0.0132625994695 0.0308008213552
2 0.162466843501 0.522587268994 0.0172413793103 0.0308008213552
2 0.103448275862 0.513347022587 0.0132625994695 0.0246406570842
2 0.0238726790451 0.515400410678 0.0132625994695 0.0246406570842
