1 0.0582010582011 0.434744268078 0.0714285714286 0.10758377425
1 0.173941798942 0.414462081129 0.0912698412698 0.144620811287
1 0.263227513228 0.404761904762 0.0396825396825 0.0582010582011
1 0.338624338624 0.402998236332 0.0608465608466 0.0828924162257
1 0.532407407407 0.410052910053 0.0515873015873 0.0899470899471
1 0.713624338624 0.406525573192 0.0753968253968 0.10758377425
1 0.944444444444 0.450617283951 0.0873015873016 0.164021164021
2 0.476851851852 0.417107583774 0.0410052910053 0.0546737213404
2 0.779100529101 0.435626102293 0.0449735449735 0.0670194003527
2 0.871031746032 0.409171075838 0.0410052910053 0.0740740740741
