4 0.225 0.309248554913 0.0615384615385 0.109826589595
4 0.3375 0.28612716763 0.0480769230769 0.0867052023121
4 0.431730769231 0.339595375723 0.0673076923077 0.118497109827
4 0.497115384615 0.329479768786 0.0519230769231 0.0924855491329
4 0.535576923077 0.28901734104 0.0480769230769 0.0809248554913
4 0.627884615385 0.323699421965 0.0788461538462 0.14450867052
4 0.714423076923 0.294797687861 0.0326923076923 0.0520231213873
4 0.814423076923 0.356936416185 0.0480769230769 0.0838150289017
4 0.929807692308 0.371387283237 0.0557692307692 0.0895953757225
4 0.857692307692 0.28901734104 0.0346153846154 0.0635838150289
4 0.975961538462 0.297687861272 0.0288461538462 0.0462427745665
