2 0.436060365369 0.401785714286 0.0238284352661 0.0440476190476
2 0.46266878475 0.414880952381 0.0214455917395 0.0392857142857
4 0.557188244639 0.427380952381 0.0214455917395 0.0309523809524
4 0.57823669579 0.427380952381 0.0190627482129 0.0333333333333
4 0.595313741064 0.428571428571 0.0166799046863 0.0333333333333
4 0.623907863384 0.441666666667 0.0198570293884 0.0285714285714
4 0.641779189833 0.447619047619 0.0174741858618 0.0285714285714
4 0.634233518666 0.481547619048 0.0246227164416 0.0416666666667
4 0.672756155679 0.430357142857 0.022239872915 0.0369047619048
4 0.688244638602 0.467857142857 0.0214455917395 0.0380952380952
4 0.706513105639 0.443452380952 0.0198570293884 0.0369047619048
4 0.733915806195 0.446428571429 0.0238284352661 0.0404761904762
4 0.767672756156 0.450595238095 0.0198570293884 0.0321428571429
3 0.650119142176 0.444642857143 0.0150913423352 0.0321428571429
4 0.918586179508 0.472023809524 0.0135027799841 0.022619047619
4 0.940031771247 0.474404761905 0.0150913423352 0.025
