3 0.818 0.327327327327 0.064 0.114114114114
2 0.753 0.355855855856 0.026 0.045045045045
3 0.704 0.373873873874 0.06 0.123123123123
3 0.668 0.355855855856 0.02 0.045045045045
3 0.6 0.328828828829 0.036 0.0690690690691
3 0.421 0.304804804805 0.05 0.0990990990991
3 0.353 0.348348348348 0.038 0.0720720720721
3 0.554 0.364864864865 0.02 0.039039039039
3 0.285 0.298798798799 0.058 0.105105105105
3 0.215 0.357357357357 0.042 0.0780780780781
3 0.051 0.345345345345 0.046 0.0780780780781
4 0.117 0.339339339339 0.034 0.0540540540541
