2 0.543269230769 0.619942196532 0.0173076923077 0.0202312138728
2 0.643269230769 0.618497109827 0.0211538461538 0.0404624277457
2 0.669230769231 0.604046242775 0.0230769230769 0.0404624277457
2 0.700961538462 0.601156069364 0.025 0.0404624277457
2 0.729807692308 0.617052023121 0.0211538461538 0.0375722543353
2 0.7625 0.622832369942 0.025 0.0375722543353
2 0.791346153846 0.611271676301 0.025 0.0433526011561
2 0.809615384615 0.625722543353 0.0153846153846 0.0317919075145
2 0.823076923077 0.622832369942 0.0192307692308 0.0317919075145
2 0.863461538462 0.614161849711 0.0307692307692 0.0433526011561
1 0.0480769230769 0.618497109827 0.0192307692308 0.0346820809249
3 0.3625 0.625722543353 0.0173076923077 0.0260115606936
