3 0.127678571429 0.556300268097 0.0196428571429 0.0348525469169
3 0.145535714286 0.54691689008 0.0196428571429 0.0375335120643
3 0.164285714286 0.552278820375 0.0178571428571 0.0321715817694
3 0.258035714286 0.549597855228 0.0196428571429 0.0321715817694
3 0.288392857143 0.558981233244 0.0160714285714 0.029490616622
3 0.310714285714 0.553619302949 0.0178571428571 0.029490616622
3 0.328571428571 0.552278820375 0.0142857142857 0.0268096514745
3 0.352678571429 0.545576407507 0.0125 0.029490616622
3 0.365178571429 0.542895442359 0.0160714285714 0.0348525469169
3 0.378571428571 0.544235924933 0.0142857142857 0.0268096514745
3 0.395535714286 0.553619302949 0.0125 0.0241286863271
3 0.415178571429 0.548257372654 0.0160714285714 0.0241286863271
3 0.425 0.554959785523 0.0142857142857 0.0268096514745
4 0.441964285714 0.553619302949 0.0125 0.0241286863271
3 0.475892857143 0.550938337802 0.0125 0.0241286863271
3 0.486607142857 0.550938337802 0.0125 0.0241286863271
4 0.507142857143 0.550938337802 0.0142857142857 0.0241286863271
3 0.523214285714 0.548257372654 0.0142857142857 0.029490616622
4 0.541964285714 0.548257372654 0.0125 0.0241286863271
3 0.558928571429 0.544235924933 0.0142857142857 0.0268096514745
3 0.583928571429 0.549597855228 0.0214285714286 0.0482573726542
3 0.636607142857 0.552278820375 0.0125 0.0214477211796
3 0.6 0.548257372654 0.0107142857143 0.0241286863271
4 0.650892857143 0.550938337802 0.0160714285714 0.029490616622
3 0.6875 0.556300268097 0.0178571428571 0.029490616622
3 0.728571428571 0.544235924933 0.0178571428571 0.0321715817694
3 0.766964285714 0.534852546917 0.0232142857143 0.0348525469169
3 0.786607142857 0.548257372654 0.0160714285714 0.029490616622
3 0.886607142857 0.560321715818 0.0196428571429 0.0428954423592
