3 0.103333333333 0.51 0.0733333333333 0.113333333333
3 0.175 0.545555555556 0.0566666666667 0.0822222222222
3 0.241666666667 0.537777777778 0.03 0.0533333333333
3 0.275833333333 0.523333333333 0.0416666666667 0.0733333333333
3 0.3025 0.548888888889 0.0283333333333 0.0444444444444
3 0.329166666667 0.53 0.0316666666667 0.0555555555556
3 0.3775 0.508888888889 0.0416666666667 0.0755555555556
3 0.4125 0.538888888889 0.035 0.0555555555556
3 0.444166666667 0.53 0.035 0.0644444444444
3 0.475 0.536666666667 0.0266666666667 0.06
3 0.498333333333 0.546666666667 0.0333333333333 0.0577777777778
3 0.5175 0.53 0.0283333333333 0.06
3 0.545833333333 0.543333333333 0.0316666666667 0.0511111111111
3 0.586666666667 0.517777777778 0.0233333333333 0.0533333333333
3 0.601666666667 0.526666666667 0.0233333333333 0.0622222222222
3 0.626666666667 0.532222222222 0.0366666666667 0.0644444444444
3 0.656666666667 0.521111111111 0.03 0.06
3 0.683333333333 0.522222222222 0.03 0.0488888888889
3 0.719166666667 0.525555555556 0.0383333333333 0.0688888888889
3 0.764166666667 0.526666666667 0.045 0.0711111111111
3 0.7875 0.516666666667 0.025 0.0555555555556
3 0.811666666667 0.545555555556 0.04 0.0644444444444
3 0.865833333333 0.522222222222 0.0383333333333 0.0622222222222
3 0.929166666667 0.486666666667 0.0616666666667 0.0888888888889
3 0.985833333333 0.511111111111 0.025 0.0711111111111
4 0.218333333333 0.555555555556 0.02 0.0311111111111
