3 0.100625 0.338649155722 0.05875 0.0956848030019
3 0.209375 0.313320825516 0.05375 0.0975609756098
3 0.298125 0.34521575985 0.04625 0.093808630394
3 0.3675 0.336772983114 0.045 0.0844277673546
3 0.418125 0.382739212008 0.04875 0.0750469043152
3 0.451875 0.348968105066 0.04125 0.078799249531
3 0.523125 0.31894934334 0.04375 0.0975609756098
3 0.595625 0.34521575985 0.04125 0.078799249531
3 0.615 0.383677298311 0.05 0.0994371482176
3 0.66 0.318011257036 0.05 0.0919324577861
3 0.698125 0.37148217636 0.04875 0.0900562851782
3 0.75 0.307692307692 0.05 0.0975609756098
3 0.828125 0.333958724203 0.04375 0.0975609756098
3 0.915 0.305816135084 0.05 0.0975609756098
