2 0.03 0.4175 0.03 0.055
2 0.09 0.3975 0.0266666666667 0.05
2 0.1125 0.4175 0.0283333333333 0.055
2 0.139166666667 0.425 0.0283333333333 0.055
4 0.16 0.43375 0.0166666666667 0.0375
2 0.2075 0.4525 0.035 0.065
2 0.233333333333 0.415 0.0266666666667 0.06
2 0.290833333333 0.4425 0.0316666666667 0.055
2 0.314166666667 0.44125 0.0216666666667 0.0475
2 0.328333333333 0.4225 0.02 0.06
2 0.348333333333 0.42625 0.0366666666667 0.0725
2 0.38 0.4325 0.0266666666667 0.055
2 0.4575 0.47625 0.055 0.0925
2 0.508333333333 0.45125 0.0333333333333 0.0675
2 0.541666666667 0.43625 0.02 0.0375
2 0.59 0.44125 0.03 0.0575
2 0.698333333333 0.455 0.0433333333333 0.08
2 0.808333333333 0.4275 0.0433333333333 0.08
2 0.915833333333 0.4475 0.0383333333333 0.065
2 0.94 0.44375 0.02 0.0625
2 0.99 0.46 0.0166666666667 0.07
