3 0.0118181818182 0.301089918256 0.0236363636364 0.0463215258856
3 0.0472727272727 0.291553133515 0.0436363636364 0.0926430517711
3 0.131818181818 0.287465940054 0.06 0.106267029973
3 0.196363636364 0.283378746594 0.0363636363636 0.0653950953678
3 0.243636363636 0.302452316076 0.04 0.0871934604905
3 0.274545454545 0.294277929155 0.0327272727273 0.0762942779292
3 0.298181818182 0.261580381471 0.04 0.0817438692098
3 0.362727272727 0.291553133515 0.0345454545455 0.0871934604905
3 0.395454545455 0.321525885559 0.0490909090909 0.0926430517711
3 0.417272727273 0.262942779292 0.0345454545455 0.0681198910082
3 0.454545454545 0.305177111717 0.0363636363636 0.0817438692098
3 0.479090909091 0.262942779292 0.0381818181818 0.0790190735695
3 0.526363636364 0.309264305177 0.0490909090909 0.0844686648501
3 0.563636363636 0.265667574932 0.0436363636364 0.0899182561308
3 0.607272727273 0.298365122616 0.0290909090909 0.0517711171662
4 0.647272727273 0.301089918256 0.0327272727273 0.0626702997275
3 0.638181818182 0.427792915531 0.0436363636364 0.0817438692098
3 0.685454545455 0.283378746594 0.04 0.0490463215259
3 0.702727272727 0.33242506812 0.0527272727273 0.0871934604905
3 0.774545454545 0.305177111717 0.0509090909091 0.0980926430518
3 0.787272727273 0.24931880109 0.0436363636364 0.0572207084469
3 0.850909090909 0.318801089918 0.0581818181818 0.103542234332
3 0.891818181818 0.310626702997 0.0345454545455 0.0599455040872
3 0.936363636364 0.298365122616 0.0472727272727 0.0735694822888
