1 0.024 0.212 0.048 0.173333333333
1 0.092 0.196 0.124 0.205333333333
1 0.206 0.26 0.12 0.157333333333
1 0.28 0.269333333333 0.06 0.133333333333
1 0.301 0.333333333333 0.03 0.0693333333333
1 0.351 0.26 0.022 0.0506666666667
1 0.378 0.28 0.048 0.0746666666667
1 0.41 0.309333333333 0.032 0.0533333333333
1 0.436 0.301333333333 0.036 0.064
1 0.483 0.308 0.026 0.0453333333333
1 0.507 0.288 0.038 0.064
3 0.569 0.296 0.034 0.0533333333333
1 0.646 0.306666666667 0.036 0.0586666666667
1 0.699 0.289333333333 0.046 0.0773333333333
1 0.774 0.322666666667 0.032 0.0746666666667
1 0.81 0.317333333333 0.056 0.08
2 0.587 0.328 0.042 0.064
3 0.731 0.329333333333 0.034 0.056
2 0.98 0.354666666667 0.036 0.101333333333
