4 0.301428571429 0.523758099352 0.02 0.0583153347732
4 0.317857142857 0.530237580994 0.0328571428571 0.0539956803456
4 0.369285714286 0.529157667387 0.0328571428571 0.0647948164147
4 0.397857142857 0.541036717063 0.0385714285714 0.0669546436285
4 0.444285714286 0.563714902808 0.0285714285714 0.0475161987041
4 0.468571428571 0.563714902808 0.0285714285714 0.0647948164147
4 0.497857142857 0.562634989201 0.0414285714286 0.0712742980562
4 0.520714285714 0.563714902808 0.0157142857143 0.0475161987041
4 0.539285714286 0.547516198704 0.0271428571429 0.0669546436285
4 0.567857142857 0.533477321814 0.0357142857143 0.0777537796976
4 0.609285714286 0.523758099352 0.0528571428571 0.0928725701944
4 0.667857142857 0.539956803456 0.0528571428571 0.0907127429806
4 0.741428571429 0.496760259179 0.06 0.0691144708423
4 0.740714285714 0.556155507559 0.0671428571429 0.114470842333
4 0.803571428571 0.498920086393 0.0728571428571 0.129589632829
4 0.891428571429 0.479481641469 0.0971428571429 0.164146868251
4 0.968571428571 0.493520518359 0.06 0.136069114471
