3 0.0580152671756 0.335597826087 0.116030534351 0.23097826087
3 0.231297709924 0.240489130435 0.297709923664 0.475543478261
3 0.354198473282 0.36277173913 0.0519083969466 0.116847826087
3 0.373282442748 0.429347826087 0.0473282442748 0.0978260869565
3 0.407633587786 0.403532608696 0.0396946564885 0.0896739130435
3 0.448091603053 0.404891304348 0.0351145038168 0.070652173913
3 0.501526717557 0.422554347826 0.0381679389313 0.0516304347826
3 0.55572519084 0.389945652174 0.036641221374 0.0679347826087
3 0.59465648855 0.391304347826 0.0290076335878 0.0597826086957
3 0.632824427481 0.361413043478 0.0687022900763 0.114130434783
3 0.703816793893 0.389945652174 0.0274809160305 0.0516304347826
