3 0.186877076412 0.845514950166 0.0182724252492 0.0498338870432
3 0.302325581395 0.835548172757 0.0199335548173 0.0431893687708
3 0.451827242525 0.893687707641 0.0299003322259 0.0598006644518
1 0.202657807309 0.840531561462 0.0166112956811 0.0531561461794
1 0.283222591362 0.855481727575 0.0116279069767 0.0299003322259
1 0.389534883721 0.832225913621 0.014950166113 0.0431893687708
1 0.441860465116 0.84219269103 0.0166112956811 0.0299003322259
1 0.711794019934 0.905315614618 0.0182724252492 0.0365448504983
1 0.919435215947 0.921926910299 0.0249169435216 0.0498338870432
3 0.593853820598 0.890365448505 0.0116279069767 0.0265780730897
4 0.81976744186 0.883720930233 0.0116279069767 0.0265780730897
