4 0.980565371025 0.616710875332 0.0141342756184 0.0291777188329
4 0.9425795053 0.610079575597 0.0123674911661 0.026525198939
4 0.924028268551 0.606100795756 0.0141342756184 0.0291777188329
2 0.953180212014 0.607427055703 0.0123674911661 0.0212201591512
2 0.90371024735 0.606100795756 0.0123674911661 0.0238726790451
3 0.881625441696 0.604774535809 0.0141342756184 0.0318302387268
2 0.864840989399 0.610079575597 0.0159010600707 0.026525198939
4 0.843639575972 0.607427055703 0.0123674911661 0.0212201591512
2 0.787985865724 0.600795755968 0.0141342756184 0.0238726790451
3 0.734098939929 0.594164456233 0.0123674911661 0.0159151193634
2 0.558303886926 0.592838196286 0.0106007067138 0.0185676392573
4 0.825088339223 0.600795755968 0.0106007067138 0.0185676392573
