3 0.026875 0.71320754717 0.02125 0.0339622641509
3 0.0525 0.757547169811 0.0175 0.0245283018868
4 0.091875 0.76320754717 0.01625 0.0245283018868
3 0.20625 0.708490566038 0.015 0.0245283018868
3 0.22875 0.7 0.015 0.022641509434
3 0.256875 0.705660377358 0.01375 0.0264150943396
3 0.27 0.701886792453 0.0125 0.022641509434
3 0.2725 0.679245283019 0.01 0.0150943396226
3 0.288125 0.675471698113 0.00875 0.011320754717
3 0.323125 0.689622641509 0.01125 0.0169811320755
3 0.3425 0.685849056604 0.01 0.0132075471698
3 0.41125 0.698113207547 0.015 0.022641509434
4 0.285625 0.691509433962 0.00875 0.0132075471698
1 0.39875 0.690566037736 0.0075 0.011320754717
4 0.463125 0.688679245283 0.00625 0.011320754717
4 0.10625 0.580188679245 0.0375 0.0660377358491
4 0.206875 0.547169811321 0.03375 0.0867924528302
4 0.50875 0.704716981132 0.0125 0.0207547169811
3 0.535 0.688679245283 0.01 0.022641509434
3 0.56 0.704716981132 0.0125 0.0207547169811
3 0.59125 0.696226415094 0.01 0.022641509434
3 0.60625 0.691509433962 0.0125 0.0207547169811
3 0.636875 0.697169811321 0.01125 0.0245283018868
3 0.666875 0.7 0.01375 0.0264150943396
2 0.525625 0.696226415094 0.01375 0.0264150943396
2 0.58 0.695283018868 0.0175 0.0358490566038
2 0.608125 0.708490566038 0.01375 0.0283018867925
2 0.62125 0.706603773585 0.015 0.0283018867925
2 0.651875 0.696226415094 0.01375 0.022641509434
2 0.686875 0.702830188679 0.01375 0.0245283018868
2 0.7175 0.693396226415 0.0175 0.0320754716981
3 0.73 0.684905660377 0.01 0.0188679245283
3 0.741875 0.689622641509 0.01375 0.0207547169811
4 0.74625 0.712264150943 0.0175 0.0283018867925
3 0.790625 0.67641509434 0.01125 0.0245283018868
3 0.803125 0.688679245283 0.01625 0.0301886792453
3 0.8325 0.705660377358 0.015 0.022641509434
3 0.859375 0.692452830189 0.01875 0.0377358490566
3 0.875625 0.703773584906 0.01125 0.0339622641509
3 0.8925 0.698113207547 0.025 0.0452830188679
2 0.99375 0.680188679245 0.01 0.0358490566038
