2 0.158333333333 0.418888888889 0.0566666666667 0.0911111111111
2 0.206666666667 0.388888888889 0.04 0.0666666666667
2 0.32 0.422222222222 0.0333333333333 0.0533333333333
2 0.349166666667 0.423333333333 0.0316666666667 0.0555555555556
2 0.398333333333 0.434444444444 0.0233333333333 0.0466666666667
2 0.420833333333 0.438888888889 0.0316666666667 0.0555555555556
2 0.4875 0.441111111111 0.0316666666667 0.0555555555556
2 0.51 0.44 0.02 0.0444444444444
2 0.546666666667 0.45 0.0333333333333 0.0555555555556
2 0.5975 0.441111111111 0.035 0.0688888888889
1 0.725 0.445555555556 0.0566666666667 0.0777777777778
