3 0.0546153846154 0.381062355658 0.0384615384615 0.0831408775982
3 0.0915384615385 0.375288683603 0.0384615384615 0.0715935334873
2 0.129230769231 0.366050808314 0.0430769230769 0.0900692840647
2 0.213076923077 0.369515011547 0.0415384615385 0.0785219399538
2 0.387692307692 0.364896073903 0.0461538461538 0.0877598152425
2 0.499230769231 0.364896073903 0.0384615384615 0.0785219399538
1 0.273076923077 0.325635103926 0.0815384615385 0.161662817552
4 0.316923076923 0.392609699769 0.0184615384615 0.0277136258661
4 0.35 0.375288683603 0.0323076923077 0.0623556581986
4 0.449230769231 0.366050808314 0.0461538461538 0.0900692840647
4 0.545384615385 0.326789838337 0.0569230769231 0.0993071593533
4 0.591538461538 0.37182448037 0.0384615384615 0.0600461893764
4 0.655384615385 0.374133949192 0.0584615384615 0.101616628176
1 0.652307692308 0.315242494226 0.0615384615385 0.0715935334873
4 0.76 0.362586605081 0.0861538461538 0.129330254042
2 0.841538461538 0.396073903002 0.0246153846154 0.0623556581986
2 0.862307692308 0.345265588915 0.0507692307692 0.127020785219
2 0.903846153846 0.364896073903 0.0723076923077 0.124711316397
2 0.969230769231 0.306004618938 0.0584615384615 0.19168591224
