3 0.169981916817 0.440963855422 0.0325497287523 0.0578313253012
3 0.196202531646 0.436144578313 0.0198915009042 0.033734939759
3 0.23869801085 0.428915662651 0.0216998191682 0.0385542168675
3 0.273056057866 0.427710843373 0.0470162748644 0.0746987951807
3 0.329113924051 0.420481927711 0.0361663652803 0.0602409638554
3 0.355334538879 0.443373493976 0.0198915009042 0.0289156626506
3 0.413200723327 0.430120481928 0.0162748643761 0.0313253012048
3 0.438517179024 0.44578313253 0.0162748643761 0.0289156626506
3 0.506329113924 0.433734939759 0.0180831826401 0.033734939759
3 0.530741410488 0.418072289157 0.0379746835443 0.0746987951807
3 0.555153707052 0.446987951807 0.0253164556962 0.0457831325301
3 0.635623869801 0.455421686747 0.0415913200723 0.0626506024096
3 0.818264014467 0.453012048193 0.0415913200723 0.0722891566265
