2 0.886363636364 0.512295081967 0.14 0.204918032787
4 0.869090909091 0.359289617486 0.0363636363636 0.0737704918033
4 0.810909090909 0.386612021858 0.0545454545455 0.0792349726776
4 0.738181818182 0.409836065574 0.0618181818182 0.0819672131148
4 0.742727272727 0.510928961749 0.0927272727273 0.103825136612
4 0.763636363636 0.342896174863 0.04 0.0628415300546
4 0.792727272727 0.33606557377 0.0254545454545 0.0437158469945
4 0.737272727273 0.321038251366 0.0309090909091 0.0409836065574
4 0.671818181818 0.374316939891 0.0490909090909 0.0819672131148
4 0.674545454545 0.318306010929 0.0363636363636 0.0464480874317
4 0.608181818182 0.314207650273 0.0272727272727 0.0437158469945
4 0.591818181818 0.352459016393 0.0309090909091 0.0601092896175
4 0.565454545455 0.360655737705 0.0254545454545 0.0546448087432
4 0.588181818182 0.296448087432 0.0127272727273 0.0245901639344
4 0.535454545455 0.329234972678 0.0272727272727 0.051912568306
4 0.540909090909 0.299180327869 0.0236363636364 0.0245901639344
4 0.484545454545 0.329234972678 0.0272727272727 0.0573770491803
4 0.456363636364 0.30737704918 0.0218181818182 0.0409836065574
4 0.429090909091 0.334699453552 0.0290909090909 0.0573770491803
4 0.439090909091 0.289617486339 0.0127272727273 0.0218579234973
4 0.364545454545 0.30737704918 0.0272727272727 0.0464480874317
4 0.345454545455 0.314207650273 0.0145454545455 0.0327868852459
4 0.324545454545 0.33606557377 0.0272727272727 0.0491803278689
4 0.303636363636 0.345628415301 0.0254545454545 0.0464480874317
