4 0.0164285714286 0.291220556745 0.03 0.10278372591
4 0.12 0.338329764454 0.0514285714286 0.0856531049251
4 0.205714285714 0.350107066381 0.04 0.0706638115632
4 0.274285714286 0.379014989293 0.0342857142857 0.0642398286938
4 0.324285714286 0.369379014989 0.04 0.0663811563169
4 0.383571428571 0.364025695931 0.0328571428571 0.0642398286938
4 0.447142857143 0.365096359743 0.0371428571429 0.0663811563169
4 0.501428571429 0.367237687366 0.0314285714286 0.0578158458244
4 0.578571428571 0.377944325482 0.0314285714286 0.0663811563169
4 0.649285714286 0.370449678801 0.0357142857143 0.0642398286938
4 0.718571428571 0.369379014989 0.0371428571429 0.0663811563169
4 0.795714285714 0.366167023555 0.0371428571429 0.0642398286938
4 0.874285714286 0.360813704497 0.0457142857143 0.0706638115632
4 0.921428571429 0.34903640257 0.0342857142857 0.0728051391863
4 0.958571428571 0.347965738758 0.0542857142857 0.0835117773019
