2 0.958461538462 0.418013856813 0.0707692307692 0.124711316397
2 0.892307692308 0.449191685912 0.0584615384615 0.094688221709
2 0.830769230769 0.412240184758 0.0553846153846 0.0900692840647
2 0.793076923077 0.412240184758 0.0230769230769 0.0715935334873
2 0.771538461538 0.412240184758 0.0169230769231 0.066974595843
2 0.736153846154 0.405311778291 0.0230769230769 0.0484988452656
2 0.706923076923 0.411085450346 0.0353846153846 0.0646651270208
2 0.673846153846 0.418013856813 0.0276923076923 0.0600461893764
2 0.639230769231 0.411085450346 0.0323076923077 0.0554272517321
2 0.613846153846 0.400692840647 0.0276923076923 0.0577367205543
2 0.589230769231 0.398383371824 0.0276923076923 0.0531177829099
2 0.564615384615 0.399538106236 0.0246153846154 0.0461893764434
2 0.535384615385 0.397228637413 0.0276923076923 0.0461893764434
2 0.516153846154 0.394919168591 0.0138461538462 0.0415704387991
2 0.490769230769 0.382217090069 0.0215384615385 0.0438799076212
2 0.470769230769 0.411085450346 0.0184615384615 0.0323325635104
2 0.451538461538 0.407621247113 0.02 0.0392609699769
2 0.424615384615 0.40415704388 0.0215384615385 0.0369515011547
2 0.403076923077 0.407621247113 0.0184615384615 0.0346420323326
2 0.393846153846 0.392609699769 0.0153846153846 0.0277136258661
2 0.380769230769 0.407621247113 0.02 0.0346420323326
2 0.366153846154 0.398383371824 0.0123076923077 0.0254041570439
2 0.359230769231 0.421478060046 0.0169230769231 0.0300230946882
2 0.345384615385 0.400692840647 0.0138461538462 0.0300230946882
2 0.336153846154 0.418013856813 0.0138461538462 0.0277136258661
2 0.317692307692 0.41454965358 0.0169230769231 0.0300230946882
2 0.306923076923 0.391454965358 0.0107692307692 0.0254041570439
2 0.299230769231 0.407621247113 0.0169230769231 0.0300230946882
2 0.284615384615 0.399538106236 0.0153846153846 0.0277136258661
2 0.273846153846 0.391454965358 0.0123076923077 0.0254041570439
2 0.256153846154 0.405311778291 0.0138461538462 0.0254041570439
2 0.235384615385 0.399538106236 0.0123076923077 0.0184757505774
3 0.2 0.378752886836 0.0276923076923 0.0508083140878
3 0.218461538462 0.401847575058 0.0215384615385 0.0415704387991
2 0.175384615385 0.397228637413 0.0123076923077 0.0277136258661
2 0.161538461538 0.397228637413 0.0184615384615 0.0415704387991
3 0.140769230769 0.38337182448 0.0261538461538 0.0461893764434
2 0.115384615385 0.398383371824 0.0153846153846 0.0254041570439
2 0.105384615385 0.391454965358 0.0138461538462 0.0300230946882
2 0.0938461538462 0.392609699769 0.00923076923077 0.0230946882217
2 0.0846153846154 0.415704387991 0.0184615384615 0.0277136258661
2 0.0630769230769 0.403002309469 0.0184615384615 0.0300230946882
2 0.0361538461538 0.403002309469 0.0169230769231 0.0300230946882
