4 0.216911764706 0.612947658402 0.0220588235294 0.0358126721763
4 0.243566176471 0.632231404959 0.0349264705882 0.0468319559229
4 0.308823529412 0.607438016529 0.0183823529412 0.0358126721763
4 0.315257352941 0.588154269972 0.0165441176471 0.0247933884298
4 0.377757352941 0.588154269972 0.0202205882353 0.0358126721763
4 0.421875 0.606060606061 0.0238970588235 0.0440771349862
4 0.457720588235 0.606060606061 0.0220588235294 0.0385674931129
4 0.496323529412 0.595041322314 0.0330882352941 0.0550964187328
4 0.549632352941 0.595041322314 0.0183823529412 0.0330578512397
4 0.566176470588 0.597796143251 0.0220588235294 0.0440771349862
4 0.607536764706 0.599173553719 0.0275735294118 0.0523415977961
4 0.634191176471 0.606060606061 0.0257352941176 0.0495867768595
