0 0.0514492753623 0.441176470588 0.0333333333333 0.0718954248366
0 0.0768115942029 0.447712418301 0.0289855072464 0.0588235294118
2 0.0260869565217 0.442265795207 0.0202898550725 0.0566448801743
2 0.0869565217391 0.423747276688 0.0260869565217 0.041394335512
0 0.119565217391 0.425925925926 0.0420289855072 0.0762527233115
0 0.164492753623 0.421568627451 0.0449275362319 0.0893246187364
0 0.189130434783 0.472766884532 0.0536231884058 0.100217864924
0 0.345652173913 0.352941176471 0.0420289855072 0.0653594771242
0 0.347826086957 0.43137254902 0.0579710144928 0.104575163399
0 0.424637681159 0.438997821351 0.0695652173913 0.119825708061
0 0.508695652174 0.394335511983 0.0898550724638 0.148148148148
0 0.563043478261 0.435729847495 0.0478260869565 0.104575163399
2 0.289855072464 0.440087145969 0.0376811594203 0.0697167755991
0 0.619565217391 0.411764705882 0.0536231884058 0.0915032679739
0 0.686231884058 0.412854030501 0.0565217391304 0.106753812636
0 0.692753623188 0.345315904139 0.0463768115942 0.0588235294118
0 0.723188405797 0.420479302832 0.0347826086957 0.0915032679739
0 0.78115942029 0.404139433551 0.0753623188406 0.119825708061
0 0.858695652174 0.401960784314 0.0710144927536 0.119825708061
0 0.964492753623 0.501089324619 0.068115942029 0.244008714597
