2 0.175833333333 0.1575 0.055 0.1
2 0.2575 0.225 0.045 0.095
2 0.305 0.23375 0.0466666666667 0.0925
2 0.388333333333 0.2425 0.0333333333333 0.06
2 0.4975 0.22875 0.045 0.0925
2 0.521666666667 0.245 0.03 0.085
2 0.560833333333 0.24625 0.0283333333333 0.0775
2 0.5925 0.23875 0.0416666666667 0.0925
2 0.621666666667 0.285 0.0633333333333 0.1
2 0.6575 0.23875 0.0283333333333 0.0725
2 0.693333333333 0.23125 0.0433333333333 0.1025
2 0.733333333333 0.29 0.0766666666667 0.14
2 0.791666666667 0.2575 0.0566666666667 0.125
2 0.818333333333 0.28 0.0266666666667 0.08
