2 0.174 0.522666666667 0.024 0.0426666666667
2 0.484 0.496 0.02 0.032
1 0.095 0.546666666667 0.03 0.0373333333333
3 0.138 0.553333333333 0.024 0.04
1 0.273 0.549333333333 0.03 0.048
1 0.387 0.518666666667 0.018 0.0346666666667
0 0.311 0.536 0.042 0.0693333333333
0 0.336 0.512 0.024 0.0373333333333
4 0.372 0.496 0.02 0.0266666666667
4 0.408 0.502666666667 0.02 0.024
3 0.437 0.533333333333 0.026 0.0373333333333
3 0.464 0.546666666667 0.024 0.0373333333333
0 0.445 0.490666666667 0.018 0.0213333333333
0 0.481 0.526666666667 0.026 0.04
4 0.513 0.489333333333 0.014 0.0186666666667
1 0.537 0.490666666667 0.014 0.0266666666667
1 0.548 0.512 0.024 0.032
1 0.572 0.482666666667 0.016 0.032
1 0.595 0.521333333333 0.03 0.04
0 0.613 0.496 0.018 0.0266666666667
3 0.63 0.517333333333 0.032 0.0426666666667
1 0.709 0.482666666667 0.018 0.0266666666667
1 0.731 0.482666666667 0.014 0.0373333333333
1 0.747 0.48 0.018 0.0373333333333
1 0.75 0.538666666667 0.032 0.0426666666667
1 0.785 0.554666666667 0.034 0.0533333333333
3 0.725 0.526666666667 0.022 0.0346666666667
3 0.688 0.494666666667 0.02 0.0346666666667
4 0.749 0.614666666667 0.074 0.109333333333
1 0.963 0.601333333333 0.07 0.178666666667
4 0.878 0.553333333333 0.04 0.072
4 0.907 0.549333333333 0.03 0.0533333333333
3 0.794 0.505333333333 0.028 0.0346666666667
3 0.761 0.484 0.018 0.0346666666667
1 0.832 0.505333333333 0.028 0.0453333333333
0 0.812 0.529333333333 0.032 0.0506666666667
