3 0.12380952381 0.371428571429 0.0761904761905 0.120634920635
3 0.295238095238 0.339682539683 0.0571428571429 0.126984126984
3 0.488095238095 0.339682539683 0.0571428571429 0.126984126984
3 0.596428571429 0.390476190476 0.0452380952381 0.0888888888889
3 0.632142857143 0.409523809524 0.0357142857143 0.0698412698413
3 0.690476190476 0.365079365079 0.047619047619 0.120634920635
3 0.666666666667 0.390476190476 0.0190476190476 0.0571428571429
3 0.736904761905 0.360317460317 0.0261904761905 0.0793650793651
3 0.797619047619 0.355555555556 0.0619047619048 0.114285714286
2 0.757142857143 0.366666666667 0.0380952380952 0.0857142857143
2 0.529761904762 0.369841269841 0.0404761904762 0.0793650793651
2 0.445238095238 0.355555555556 0.0285714285714 0.0634920634921
2 0.405952380952 0.388888888889 0.0404761904762 0.0730158730159
2 0.234523809524 0.353968253968 0.0595238095238 0.11746031746
2 0.354761904762 0.331746031746 0.047619047619 0.0984126984127
