4 0.016875 0.466228893058 0.03375 0.0994371482176
4 0.0825 0.481238273921 0.0425 0.0694183864916
4 0.128125 0.423076923077 0.06375 0.118198874296
4 0.1925 0.469981238274 0.04 0.0656660412758
4 0.24375 0.494371482176 0.045 0.0806754221388
4 0.26625 0.471857410882 0.0225 0.0544090056285
4 0.2875 0.463414634146 0.025 0.0525328330206
4 0.315 0.44277673546 0.055 0.093808630394
4 0.36375 0.474671669794 0.025 0.0487804878049
4 0.39875 0.475609756098 0.025 0.0431519699812
4 0.428125 0.462476547842 0.02375 0.0393996247655
4 0.473125 0.481238273921 0.01625 0.0506566604128
4 0.499375 0.474671669794 0.04125 0.078799249531
4 0.52375 0.465290806754 0.0175 0.0375234521576
4 0.549375 0.461538461538 0.02375 0.0450281425891
4 0.568125 0.470919324578 0.01875 0.0375234521576
4 0.59625 0.491557223265 0.04 0.0675422138837
4 0.609375 0.459662288931 0.01875 0.0300187617261
4 0.633125 0.466228893058 0.02375 0.0431519699812
4 0.656875 0.480300187617 0.01875 0.0375234521576
4 0.685625 0.475609756098 0.04125 0.0656660412758
4 0.715 0.478424015009 0.02 0.0412757973734
4 0.73 0.471857410882 0.015 0.0356472795497
4 0.760625 0.480300187617 0.03375 0.0562851782364
4 0.80875 0.47373358349 0.0275 0.046904315197
4 0.8275 0.479362101313 0.02 0.046904315197
4 0.8625 0.485928705441 0.025 0.0450281425891
4 0.899375 0.47373358349 0.01625 0.031894934334
4 0.91625 0.483114446529 0.0175 0.031894934334
4 0.93125 0.481238273921 0.015 0.0281425891182
4 0.944375 0.487804878049 0.01875 0.0300187617261
4 0.97875 0.478424015009 0.025 0.0450281425891
