1 0.953636363636 0.662125340599 0.0890909090909 0.141689373297
1 0.729090909091 0.708446866485 0.0472727272727 0.0871934604905
1 0.694545454545 0.686648501362 0.0254545454545 0.0544959128065
1 0.659090909091 0.698910081744 0.0527272727273 0.0899182561308
1 0.620909090909 0.704359673025 0.0272727272727 0.0572207084469
1 0.598181818182 0.715258855586 0.0327272727273 0.0517711171662
1 0.538181818182 0.692098092643 0.0327272727273 0.0599455040872
1 0.508181818182 0.704359673025 0.0272727272727 0.0408719346049
1 0.485454545455 0.688010899183 0.0181818181818 0.0299727520436
1 0.457272727273 0.689373297003 0.0345454545455 0.0599455040872
1 0.393636363636 0.705722070845 0.0309090909091 0.0435967302452
1 0.379090909091 0.761580381471 0.0709090909091 0.111716621253
1 0.333636363636 0.698910081744 0.02 0.0354223433243
1 0.300909090909 0.716621253406 0.0381818181818 0.0708446866485
1 0.275454545455 0.705722070845 0.0236363636364 0.0435967302452
1 0.23 0.700272479564 0.0236363636364 0.0381471389646
1 0.193636363636 0.694822888283 0.0272727272727 0.0490463215259
4 0.0463636363636 0.74795640327 0.0345454545455 0.0463215258856
1 0.557272727273 0.685286103542 0.0163636363636 0.0299727520436
1 0.437272727273 0.709809264305 0.02 0.0354223433243
