3 0.0189655172414 0.511428571429 0.0379310344828 0.0742857142857
3 0.168965517241 0.535714285714 0.0206896551724 0.0371428571429
3 0.236206896552 0.528571428571 0.0241379310345 0.04
4 0.264655172414 0.527142857143 0.0189655172414 0.0314285714286
3 0.325862068966 0.531428571429 0.0172413793103 0.0285714285714
3 0.348275862069 0.527142857143 0.0137931034483 0.0257142857143
3 0.379310344828 0.54 0.0137931034483 0.0228571428571
3 0.472413793103 0.512857142857 0.0137931034483 0.0257142857143
4 0.499137931034 0.505714285714 0.0120689655172 0.0228571428571
3 0.578448275862 0.434285714286 0.0120689655172 0.0228571428571
3 0.608620689655 0.41 0.0103448275862 0.02
3 0.635344827586 0.374285714286 0.0120689655172 0.0228571428571
3 0.653448275862 0.37 0.0137931034483 0.02
3 0.690517241379 0.357142857143 0.0120689655172 0.0228571428571
3 0.722413793103 0.377142857143 0.0137931034483 0.0171428571429
