3 0.185454545455 0.370572207084 0.0509090909091 0.0762942779292
3 0.268181818182 0.41689373297 0.0381818181818 0.0708446866485
3 0.31 0.395095367847 0.0454545454545 0.0762942779292
3 0.344545454545 0.41416893733 0.0309090909091 0.0599455040872
3 0.47 0.410081743869 0.0418181818182 0.0681198910082
3 0.561818181818 0.41553133515 0.0363636363636 0.0790190735695
2 0.614545454545 0.382833787466 0.0581818181818 0.0844686648501
2 0.695454545455 0.431880108992 0.0309090909091 0.0626702997275
2 0.398181818182 0.407356948229 0.0581818181818 0.0953678474114
2 0.237272727273 0.317438692098 0.0709090909091 0.122615803815
