2 0.100753295669 0.45197740113 0.0960451977401 0.118644067797
2 0.166666666667 0.474576271186 0.0395480225989 0.0621468926554
2 0.206214689266 0.473163841808 0.0395480225989 0.0593220338983
2 0.260828625235 0.454802259887 0.0546139359699 0.0960451977401
2 0.290960451977 0.474576271186 0.0244821092279 0.0564971751412
2 0.337099811676 0.471751412429 0.030131826742 0.0508474576271
2 0.383239171375 0.466101694915 0.0207156308851 0.0395480225989
2 0.442561205273 0.411016949153 0.0564971751412 0.104519774011
2 0.58286252354 0.436440677966 0.0357815442561 0.0706214689266
2 0.639359698682 0.468926553672 0.0470809792844 0.0847457627119
2 0.770244821092 0.447740112994 0.10922787194 0.161016949153
