3 0.298076923077 0.382051282051 0.0615384615385 0.112820512821
3 0.565384615385 0.369230769231 0.0192307692308 0.025641025641
3 0.590384615385 0.428205128205 0.0461538461538 0.0820512820513
3 0.648076923077 0.387179487179 0.0807692307692 0.133333333333
3 0.704807692308 0.341025641026 0.0134615384615 0.0205128205128
3 0.734615384615 0.415384615385 0.0576923076923 0.0871794871795
3 0.859615384615 0.376923076923 0.0115384615385 0.0205128205128
3 0.840384615385 0.378205128205 0.0115384615385 0.0179487179487
3 0.766346153846 0.374358974359 0.00961538461538 0.0153846153846
3 0.8 0.369230769231 0.0115384615385 0.0153846153846
4 0.350961538462 0.371794871795 0.0365384615385 0.0564102564103
2 0.479807692308 0.378205128205 0.0711538461538 0.120512820513
4 0.922115384615 0.408974358974 0.0942307692308 0.135897435897
