3 0.839375 0.700833333333 0.03375 0.0516666666667
3 0.6925 0.7575 0.035 0.0483333333333
3 0.620625 0.705 0.04375 0.0633333333333
3 0.58625 0.676666666667 0.015 0.0366666666667
3 0.603125 0.674166666667 0.02625 0.0483333333333
3 0.516875 0.6875 0.03125 0.045
3 0.493125 0.680833333333 0.02125 0.045
3 0.40875 0.676666666667 0.0325 0.0466666666667
4 0.463125 0.723333333333 0.02125 0.03
3 0.34125 0.665 0.035 0.06
3 0.283125 0.659166666667 0.02875 0.0516666666667
3 0.25625 0.6475 0.025 0.0416666666667
4 0.31625 0.669166666667 0.0175 0.0316666666667
4 0.233125 0.6625 0.03375 0.045
4 0.15625 0.660833333333 0.0325 0.045
3 0.178125 0.651666666667 0.02375 0.04
3 0.12375 0.645 0.03 0.0433333333333
4 0.088125 0.638333333333 0.02625 0.04
4 0.030625 0.6575 0.03375 0.045
3 0.015 0.6325 0.0275 0.0383333333333
4 0.9375 0.704166666667 0.055 0.075
