3 0.752727272727 0.415068493151 0.0981818181818 0.172602739726
3 0.793636363636 0.498630136986 0.0345454545455 0.0602739726027
3 0.820909090909 0.5 0.0272727272727 0.0684931506849
3 0.617272727273 0.482191780822 0.0454545454545 0.0657534246575
3 0.567272727273 0.435616438356 0.0436363636364 0.0821917808219
3 0.499090909091 0.447945205479 0.0563636363636 0.0958904109589
3 0.445454545455 0.435616438356 0.0181818181818 0.0328767123288
3 0.408181818182 0.443835616438 0.0381818181818 0.0821917808219
3 0.379090909091 0.475342465753 0.0454545454545 0.0849315068493
3 0.325454545455 0.439726027397 0.0545454545455 0.112328767123
1 0.462727272727 0.438356164384 0.02 0.0438356164384
3 0.0363636363636 0.37397260274 0.0363636363636 0.0739726027397
3 0.118181818182 0.4 0.0290909090909 0.0602739726027
3 0.141818181818 0.421917808219 0.0254545454545 0.0438356164384
3 0.187272727273 0.393150684932 0.0290909090909 0.0630136986301
3 0.246363636364 0.4 0.0381818181818 0.0547945205479
3 0.285454545455 0.450684931507 0.0181818181818 0.0301369863014
