4 0.84649122807 0.595081967213 0.0526315789474 0.0950819672131
4 0.740131578947 0.56393442623 0.0592105263158 0.0852459016393
4 0.730263157895 0.675409836066 0.0570175438596 0.0918032786885
4 0.616228070175 0.614754098361 0.0394736842105 0.0754098360656
4 0.594298245614 0.577049180328 0.0350877192982 0.0655737704918
4 0.552631578947 0.603278688525 0.0438596491228 0.0852459016393
4 0.59100877193 0.665573770492 0.0504385964912 0.0918032786885
4 0.504385964912 0.655737704918 0.0526315789474 0.0918032786885
4 0.498903508772 0.567213114754 0.0460526315789 0.0786885245902
4 0.434210526316 0.590163934426 0.0526315789474 0.0918032786885
4 0.379385964912 0.570491803279 0.0438596491228 0.0786885245902
4 0.343201754386 0.555737704918 0.0416666666667 0.0754098360656
4 0.333333333333 0.632786885246 0.0482456140351 0.0918032786885
4 0.291666666667 0.545901639344 0.0350877192982 0.0754098360656
4 0.241228070175 0.547540983607 0.0482456140351 0.0852459016393
4 0.252192982456 0.640983606557 0.0482456140351 0.0819672131148
4 0.160087719298 0.568852459016 0.0526315789474 0.0885245901639
