4 0.834166666667 0.40375 0.045 0.0725
4 0.82 0.43625 0.0233333333333 0.0425
4 0.915 0.52875 0.03 0.0475
4 0.75 0.415 0.0266666666667 0.05
3 0.7125 0.4175 0.035 0.06
4 0.6575 0.44875 0.0416666666667 0.0625
3 0.57 0.44 0.0266666666667 0.045
3 0.5175 0.435 0.035 0.06
3 0.479166666667 0.43125 0.0216666666667 0.0425
3 0.4325 0.43375 0.0283333333333 0.0525
4 0.451666666667 0.445 0.0166666666667 0.04
3 0.4 0.44625 0.02 0.0425
3 0.353333333333 0.41375 0.0266666666667 0.0475
3 0.321666666667 0.45125 0.0266666666667 0.0375
3 0.293333333333 0.43125 0.0233333333333 0.0475
4 0.274166666667 0.44375 0.0283333333333 0.0525
3 0.381666666667 0.43625 0.02 0.0375
3 0.201666666667 0.445 0.0266666666667 0.04
4 0.108333333333 0.44375 0.03 0.0475
