1 0.0516666666667 0.634085213033 0.0533333333333 0.0952380952381
1 0.0941666666667 0.619047619048 0.045 0.0852130325815
1 0.115 0.602756892231 0.04 0.077694235589
1 0.135833333333 0.636591478697 0.0316666666667 0.0701754385965
1 0.153333333333 0.59022556391 0.0366666666667 0.062656641604
1 0.191666666667 0.606516290727 0.0333333333333 0.0601503759398
1 0.223333333333 0.604010025063 0.0366666666667 0.0701754385965
1 0.2625 0.612781954887 0.0316666666667 0.0576441102757
1 0.320833333333 0.616541353383 0.0283333333333 0.0501253132832
1 0.339166666667 0.612781954887 0.0216666666667 0.0426065162907
1 0.36 0.609022556391 0.0266666666667 0.0551378446115
1 0.383333333333 0.607769423559 0.03 0.0576441102757
1 0.403333333333 0.62656641604 0.0233333333333 0.0451127819549
1 0.459166666667 0.62030075188 0.0183333333333 0.0426065162907
1 0.471666666667 0.629072681704 0.0133333333333 0.0350877192982
1 0.536666666667 0.616541353383 0.02 0.0401002506266
1 0.595 0.611528822055 0.0233333333333 0.0501253132832
3 0.294166666667 0.592731829574 0.0383333333333 0.062656641604
3 0.57 0.609022556391 0.0233333333333 0.0451127819549
3 0.618333333333 0.62656641604 0.0233333333333 0.0401002506266
3 0.705833333333 0.632832080201 0.0283333333333 0.047619047619
3 0.773333333333 0.610275689223 0.0266666666667 0.0526315789474
3 0.905 0.602756892231 0.0433333333333 0.062656641604
2 0.6425 0.598997493734 0.0383333333333 0.0751879699248
1 0.754166666667 0.614035087719 0.015 0.0501253132832
1 0.8025 0.607769423559 0.0283333333333 0.0576441102757
1 0.833333333333 0.593984962406 0.0366666666667 0.0751879699248
1 0.960833333333 0.581453634085 0.035 0.0601503759398
