2 0.0921296296296 0.663888888889 0.037962962963 0.0527777777778
2 0.205555555556 0.675 0.0277777777778 0.05
2 0.234259259259 0.705555555556 0.0222222222222 0.05
2 0.266203703704 0.661111111111 0.0305555555556 0.0527777777778
2 0.286111111111 0.720138888889 0.0185185185185 0.0347222222222
2 0.46712962963 0.666666666667 0.0287037037037 0.0472222222222
2 0.489814814815 0.665277777778 0.0222222222222 0.0444444444444
2 0.568518518519 0.678472222222 0.0314814814815 0.0458333333333
2 0.621296296296 0.735416666667 0.0148148148148 0.0291666666667
2 0.657407407407 0.681944444444 0.0296296296296 0.0472222222222
2 0.71712962963 0.733333333333 0.0157407407407 0.025
2 0.751388888889 0.720138888889 0.0157407407407 0.0291666666667
2 0.771296296296 0.729861111111 0.0148148148148 0.0319444444444
2 0.797222222222 0.664583333333 0.0296296296296 0.0486111111111
2 0.843981481481 0.68125 0.025 0.0347222222222
2 0.930555555556 0.670833333333 0.0222222222222 0.0416666666667
2 0.951388888889 0.68125 0.0175925925926 0.0375
2 0.5375 0.76875 0.00833333333333 0.0180555555556
