2 0.110833333333 0.453333333333 0.0483333333333 0.0666666666667
2 0.193333333333 0.454444444444 0.04 0.0688888888889
2 0.25 0.473333333333 0.0433333333333 0.0711111111111
2 0.3225 0.475555555556 0.0383333333333 0.0711111111111
2 0.35 0.448888888889 0.0333333333333 0.0622222222222
2 0.390833333333 0.484444444444 0.0383333333333 0.0666666666667
2 0.411666666667 0.471111111111 0.0233333333333 0.0533333333333
2 0.506666666667 0.476666666667 0.04 0.0644444444444
2 0.535833333333 0.474444444444 0.0316666666667 0.06
2 0.571666666667 0.444444444444 0.0366666666667 0.0622222222222
2 0.629166666667 0.461111111111 0.0183333333333 0.0511111111111
2 0.648333333333 0.453333333333 0.0366666666667 0.0666666666667
2 0.716666666667 0.463333333333 0.0266666666667 0.0644444444444
2 0.738333333333 0.477777777778 0.04 0.0711111111111
2 0.78 0.441111111111 0.0366666666667 0.0644444444444
2 0.836666666667 0.456666666667 0.0233333333333 0.0644444444444
3 0.864166666667 0.453333333333 0.0416666666667 0.0755555555556
