0 0.109090909091 0.352861035422 0.0836363636364 0.160762942779
0 0.16 0.316076294278 0.0690909090909 0.141689373297
0 0.312727272727 0.350136239782 0.08 0.155313351499
0 0.397272727273 0.309264305177 0.0672727272727 0.144414168937
0 0.47 0.310626702997 0.0818181818182 0.1689373297
0 0.741818181818 0.324250681199 0.0618181818182 0.119891008174
0 0.846363636364 0.307901907357 0.06 0.114441416894
0 0.949090909091 0.305177111717 0.0909090909091 0.16348773842
3 0.564545454545 0.321525885559 0.0890909090909 0.1689373297
0 0.632727272727 0.358310626703 0.0363636363636 0.0626702997275
3 0.671818181818 0.326975476839 0.0709090909091 0.136239782016
3 0.804545454545 0.344686648501 0.0854545454545 0.160762942779
