3 0.958 0.702702702703 0.024 0.036036036036
3 0.819 0.719219219219 0.022 0.039039039039
3 0.765 0.723723723724 0.018 0.03003003003
3 0.741 0.72972972973 0.022 0.036036036036
4 0.725 0.738738738739 0.03 0.042042042042
3 0.657 0.728228228228 0.026 0.045045045045
3 0.608 0.735735735736 0.02 0.042042042042
3 0.582 0.732732732733 0.024 0.042042042042
3 0.556 0.744744744745 0.016 0.03003003003
3 0.53 0.74024024024 0.024 0.039039039039
3 0.501 0.744744744745 0.022 0.042042042042
3 0.46 0.746246246246 0.02 0.039039039039
3 0.436 0.74024024024 0.024 0.045045045045
3 0.373 0.747747747748 0.026 0.048048048048
3 0.392 0.756756756757 0.016 0.03003003003
3 0.347 0.750750750751 0.018 0.03003003003
3 0.325 0.762762762763 0.022 0.036036036036
3 0.291 0.758258258258 0.022 0.0510510510511
3 0.231 0.761261261261 0.03 0.0510510510511
2 0.262 0.77027027027 0.012 0.021021021021
3 0.133 0.767267267267 0.03 0.0570570570571
1 0.176 0.783783783784 0.016 0.024024024024
3 0.077 0.783783783784 0.022 0.036036036036
3 0.046 0.786786786787 0.016 0.03003003003
