4 0.969852941176 0.441176470588 0.0573529411765 0.152941176471
4 0.925 0.440196078431 0.0558823529412 0.107843137255
4 0.888235294118 0.452941176471 0.0382352941176 0.0862745098039
4 0.847794117647 0.425490196078 0.0426470588235 0.0862745098039
4 0.805882352941 0.433333333333 0.0294117647059 0.0627450980392
4 0.773529411765 0.435294117647 0.0411764705882 0.078431372549
4 0.725 0.43137254902 0.0382352941176 0.0705882352941
4 0.653676470588 0.43137254902 0.0455882352941 0.078431372549
4 0.703676470588 0.440196078431 0.0220588235294 0.0529411764706
4 0.602205882353 0.412745098039 0.0367647058824 0.0607843137255
4 0.553676470588 0.458823529412 0.0602941176471 0.101960784314
4 0.496323529412 0.454901960784 0.0426470588235 0.0705882352941
4 0.430882352941 0.437254901961 0.0529411764706 0.0823529411765
4 0.381617647059 0.43137254902 0.0455882352941 0.0745098039216
4 0.308088235294 0.427450980392 0.0338235294118 0.0588235294118
4 0.258823529412 0.427450980392 0.0558823529412 0.0901960784314
4 0.169852941176 0.420588235294 0.0720588235294 0.107843137255
4 0.120588235294 0.424509803922 0.0411764705882 0.0764705882353
4 0.0279411764706 0.474509803922 0.0558823529412 0.0823529411765
