2 0.172265625 0.511137162954 0.04453125 0.0750293083236
2 0.241015625 0.498827667057 0.03828125 0.0715123094959
2 0.336328125 0.499413833529 0.01328125 0.0257913247362
2 0.36484375 0.503516998828 0.0171875 0.0293083235639
2 0.38046875 0.506447831184 0.015625 0.0281359906213
2 0.407421875 0.524618991794 0.02890625 0.052754982415
2 0.4390625 0.510550996483 0.0125 0.0246189917937
2 0.48984375 0.47713950762 0.05625 0.1101992966
2 0.54921875 0.5 0.0515625 0.0808909730363
4 0.421875 0.50937866354 0.009375 0.0175849941383
4 0.449609375 0.503516998828 0.01171875 0.0199296600234
