3 0.149186256781 0.46 0.0596745027125 0.0826666666667
3 0.224231464738 0.396 0.0542495479204 0.0986666666667
3 0.264014466546 0.381333333333 0.0470162748644 0.08
3 0.447558770344 0.4 0.0669077757685 0.122666666667
3 0.51808318264 0.425333333333 0.0379746835443 0.0613333333333
3 0.539783001808 0.396 0.0343580470163 0.0613333333333
3 0.583182640145 0.421333333333 0.0198915009042 0.0373333333333
3 0.632911392405 0.414666666667 0.0433996383363 0.0773333333333
3 0.667269439421 0.438666666667 0.0253164556962 0.04
3 0.75678119349 0.414666666667 0.0632911392405 0.0986666666667
