3 0.797272727273 0.483974358974 0.0490909090909 0.0897435897436
1 0.867272727273 0.538461538462 0.0290909090909 0.0641025641026
1 0.746363636364 0.525641025641 0.0309090909091 0.0576923076923
1 0.700909090909 0.535256410256 0.0272727272727 0.0512820512821
1 0.685454545455 0.519230769231 0.0218181818182 0.0448717948718
1 0.660909090909 0.517628205128 0.0272727272727 0.0608974358974
1 0.639090909091 0.522435897436 0.02 0.0512820512821
1 0.614545454545 0.520833333333 0.0181818181818 0.0416666666667
1 0.589090909091 0.522435897436 0.0181818181818 0.0512820512821
1 0.558181818182 0.501602564103 0.0290909090909 0.0608974358974
1 0.507272727273 0.501602564103 0.0254545454545 0.0544871794872
1 0.47 0.512820512821 0.0309090909091 0.0641025641026
1 0.449090909091 0.520833333333 0.0254545454545 0.0608974358974
1 0.423636363636 0.50641025641 0.0327272727273 0.0705128205128
1 0.382727272727 0.520833333333 0.0236363636364 0.0544871794872
1 0.362727272727 0.504807692308 0.0272727272727 0.0608974358974
1 0.303636363636 0.495192307692 0.0254545454545 0.0544871794872
1 0.26 0.520833333333 0.0327272727273 0.0608974358974
1 0.224545454545 0.509615384615 0.0272727272727 0.0512820512821
1 0.138181818182 0.520833333333 0.0327272727273 0.0608974358974
2 0.203636363636 0.524038461538 0.0254545454545 0.0544871794872
1 0.0272727272727 0.487179487179 0.0290909090909 0.0576923076923
3 0.276363636364 0.50641025641 0.0218181818182 0.0512820512821
