1 0.102893890675 0.721271393643 0.0192926045016 0.0317848410758
1 0.183279742765 0.716381418093 0.0192926045016 0.0317848410758
1 0.234324758842 0.716992665037 0.0184887459807 0.0330073349633
1 0.238745980707 0.773838630807 0.0192926045016 0.0317848410758
1 0.280546623794 0.691320293399 0.0176848874598 0.0281173594132
3 0.311897106109 0.704156479218 0.0192926045016 0.0342298288509
3 0.459807073955 0.69804400978 0.0192926045016 0.0342298288509
1 0.344051446945 0.638141809291 0.008038585209 0.0146699266504
1 0.334807073955 0.635085574572 0.0056270096463 0.0110024449878
1 0.545819935691 0.666870415648 0.0064308681672 0.0110024449878
1 0.560289389068 0.621026894866 0.0064308681672 0.00977995110024
2 0.657958199357 0.724327628362 0.0233118971061 0.0452322738386
2 0.868569131833 0.737775061125 0.0265273311897 0.0525672371638
3 0.758440514469 0.843520782396 0.0281350482315 0.0464547677262
1 0.83963022508 0.659535452323 0.0136655948553 0.0256723716381
1 0.83078778135 0.642420537897 0.0088424437299 0.0158924205379
1 0.816720257235 0.674205378973 0.0096463022508 0.0158924205379
1 0.798231511254 0.63630806846 0.008038585209 0.0110024449878
1 0.780144694534 0.624083129584 0.0056270096463 0.00855745721271
1 0.631430868167 0.655256723716 0.0056270096463 0.00977995110024
