1 0.0153846153846 0.759515570934 0.0128205128205 0.0173010380623
1 0.104487179487 0.766435986159 0.00897435897436 0.0173010380623
4 0.112820512821 0.787197231834 0.0102564102564 0.0138408304498
1 0.228846153846 0.678200692042 0.00897435897436 0.0138408304498
4 0.269871794872 0.754325259516 0.00897435897436 0.0138408304498
4 0.249358974359 0.704152249135 0.00897435897436 0.0138408304498
1 0.300641025641 0.607266435986 0.00641025641026 0.0103806228374
4 0.424358974359 0.798442906574 0.0102564102564 0.0155709342561
1 0.502564102564 0.791522491349 0.0102564102564 0.0155709342561
1 0.491025641026 0.762975778547 0.0102564102564 0.0138408304498
1 0.605769230769 0.647923875433 0.00641025641026 0.00865051903114
