4 0.9035 0.494666666667 0.025 0.0373333333333
4 0.8135 0.508666666667 0.039 0.0573333333333
4 0.784 0.484666666667 0.016 0.0253333333333
4 0.758 0.481333333333 0.02 0.032
4 0.734 0.482 0.022 0.036
4 0.7215 0.512666666667 0.023 0.0333333333333
4 0.6495 0.496666666667 0.035 0.0493333333333
4 0.601 0.500666666667 0.034 0.052
4 0.5795 0.499333333333 0.015 0.0413333333333
4 0.538 0.488 0.01 0.016
4 0.4345 0.501333333333 0.025 0.0426666666667
4 0.4125 0.482 0.019 0.0333333333333
4 0.3895 0.488 0.031 0.0506666666667
4 0.326 0.504666666667 0.026 0.044
