1 0.165 0.82380952381 0.0166666666667 0.0285714285714
1 0.220833333333 0.746428571429 0.0116666666667 0.0166666666667
1 0.53 0.588095238095 0.0133333333333 0.0190476190476
1 0.520833333333 0.441666666667 0.0116666666667 0.0214285714286
1 0.585 0.465476190476 0.00666666666667 0.0119047619048
1 0.615 0.471428571429 0.01 0.0142857142857
1 0.538333333333 0.491666666667 0.00666666666667 0.0166666666667
1 0.5525 0.502380952381 0.00833333333333 0.0190476190476
4 0.4475 0.633333333333 0.00833333333333 0.0142857142857
1 0.92 0.690476190476 0.0266666666667 0.0428571428571
1 0.878333333333 0.69880952381 0.01 0.0166666666667
1 0.721666666667 0.559523809524 0.02 0.0333333333333
