2 0.603365384615 0.283974358974 0.0259615384615 0.0448717948718
4 0.427884615385 0.257692307692 0.0173076923077 0.025641025641
4 0.442307692308 0.253846153846 0.0134615384615 0.0205128205128
4 0.374519230769 0.357692307692 0.0240384615385 0.0358974358974
4 0.390384615385 0.259615384615 0.0153846153846 0.024358974359
4 0.376923076923 0.285256410256 0.0173076923077 0.024358974359
4 0.366826923077 0.257051282051 0.0163461538462 0.0269230769231
4 0.33125 0.275641025641 0.0163461538462 0.0230769230769
4 0.325961538462 0.29358974359 0.0211538461538 0.025641025641
4 0.301923076923 0.279487179487 0.0173076923077 0.025641025641
4 0.301442307692 0.325641025641 0.0201923076923 0.0307692307692
4 0.175480769231 0.314743589744 0.0278846153846 0.0423076923077
4 0.0995192307692 0.373717948718 0.0182692307692 0.024358974359
1 0.0413461538462 0.323717948718 0.0173076923077 0.0294871794872
4 0.00817307692308 0.407051282051 0.0163461538462 0.0269230769231
