1 0.0753846153846 0.383854166667 0.0323076923077 0.0572916666667
1 0.161153846154 0.347395833333 0.0623076923077 0.107291666667
1 0.155769230769 0.157291666667 0.0284615384615 0.0395833333333
1 0.247307692308 0.1921875 0.0130769230769 0.0197916666667
1 0.434230769231 0.1765625 0.0269230769231 0.0239583333333
1 0.438076923077 0.152604166667 0.0192307692308 0.028125
1 0.432307692308 0.0890625 0.0276923076923 0.0427083333333
1 0.334615384615 0.0708333333333 0.0107692307692 0.0208333333333
1 0.881923076923 0.194270833333 0.0361538461538 0.0510416666667
3 0.806923076923 0.141666666667 0.0215384615385 0.0354166666667
1 0.650769230769 0.178125 0.0230769230769 0.0458333333333
1 0.478461538462 0.197395833333 0.0230769230769 0.040625
