3 0.832083333333 0.308125 0.0975 0.17125
3 0.729166666667 0.3225 0.0733333333333 0.1475
3 0.688333333333 0.366875 0.0333333333333 0.08375
3 0.594166666667 0.358125 0.055 0.11875
3 0.624166666667 0.374375 0.0283333333333 0.08375
4 0.919583333333 0.391875 0.0575 0.07375
3 0.4775 0.346875 0.0783333333333 0.14625
3 0.32875 0.325625 0.0875 0.16125
3 0.276666666667 0.343125 0.03 0.10375
3 0.254166666667 0.385 0.0333333333333 0.055
2 0.225 0.39875 0.0333333333333 0.0625
2 0.124583333333 0.385 0.0608333333333 0.1175
