3 0.0283203125 0.393229166667 0.056640625 0.199652777778
2 0.1279296875 0.381076388889 0.07421875 0.151041666667
2 0.1943359375 0.443576388889 0.060546875 0.130208333333
2 0.31396484375 0.401909722222 0.0537109375 0.126736111111
2 0.46875 0.414930555556 0.041015625 0.09375
2 0.5234375 0.424479166667 0.037109375 0.0920138888889
2 0.66796875 0.418402777778 0.037109375 0.0972222222222
2 0.70166015625 0.436631944444 0.0576171875 0.102430555556
2 0.8447265625 0.477430555556 0.056640625 0.114583333333
3 0.58349609375 0.448784722222 0.0361328125 0.0850694444444
