3 0.1555 0.401166666667 0.0625 0.095
3 0.311125 0.467833333333 0.04525 0.0783333333333
3 0.328625 0.451166666667 0.03225 0.0583333333333
2 0.40675 0.4665 0.0355 0.049
2 0.4845 0.446 0.0295 0.054
2 0.23375 0.461333333333 0.046 0.076
3 0.57825 0.4435 0.038 0.0623333333333
3 0.646625 0.4645 0.03975 0.065
2 0.740125 0.451833333333 0.05075 0.0736666666667
2 0.84175 0.460333333333 0.0485 0.084
4 0.55575 0.369 0.0155 0.022
4 0.569875 0.380166666667 0.01575 0.0243333333333
4 0.556875 0.403 0.01375 0.0166666666667
2 0.172625 0.342666666667 0.02225 0.028
