3 0.0686482661005 0.431870669746 0.070771408351 0.140877598152
3 0.223283793347 0.370092378753 0.0686482661005 0.144341801386
3 0.328025477707 0.387990762125 0.0856334041047 0.19168591224
3 0.488676574664 0.401847575058 0.0870488322718 0.187066974596
3 0.550601556971 0.372401847575 0.0580325548478 0.139722863741
3 0.590233545648 0.437066974596 0.0651096956829 0.135103926097
3 0.647558386412 0.392032332564 0.0509554140127 0.11662817552
3 0.703821656051 0.407621247113 0.0743099787686 0.168591224018
3 0.754777070064 0.450346420323 0.0644019815994 0.13856812933
3 0.78839348903 0.423787528868 0.0424628450106 0.113163972286
2 0.911889596603 0.39896073903 0.0728945506016 0.144341801386
