1 0.0536363636364 0.227520435967 0.0272727272727 0.0517711171662
1 0.354545454545 0.231607629428 0.0509090909091 0.0980926430518
1 0.574545454545 0.198910081744 0.0218181818182 0.0435967302452
3 0.133636363636 0.216621253406 0.0745454545455 0.138964577657
3 0.274545454545 0.231607629428 0.0654545454545 0.114441416894
4 0.235454545455 0.228882833787 0.02 0.0381471389646
3 0.451818181818 0.207084468665 0.0672727272727 0.114441416894
4 0.404545454545 0.271117166213 0.0163636363636 0.0299727520436
4 0.531818181818 0.232970027248 0.0163636363636 0.0354223433243
4 0.607272727273 0.204359673025 0.0181818181818 0.0326975476839
3 0.681818181818 0.220708446866 0.0763636363636 0.136239782016
3 0.787272727273 0.220708446866 0.0618181818182 0.130790190736
