3 0.0884648742411 0.366473988439 0.0346921075455 0.0531791907514
3 0.153078924545 0.368786127168 0.0303555941023 0.0462427745665
3 0.261925411969 0.336994219653 0.0398959236774 0.0658959537572
3 0.303989592368 0.383815028902 0.0494362532524 0.0809248554913
3 0.353859496964 0.363583815029 0.0260190806592 0.0543352601156
3 0.390719861232 0.363005780347 0.0372940156114 0.078612716763
4 0.194275802255 0.365317919075 0.031222896791 0.0508670520231
4 0.124024284475 0.384393063584 0.0329575021683 0.049710982659
4 0.509973980919 0.36936416185 0.0294882914137 0.049710982659
3 0.4618386817 0.347976878613 0.0529054640069 0.0809248554913
3 0.538594969644 0.367052023121 0.0260190806592 0.0473988439306
4 0.561144839549 0.361849710983 0.0156114483955 0.0578034682081
3 0.584562012142 0.357225433526 0.050303555941 0.0878612716763
3 0.617953165655 0.360693641618 0.0320901994796 0.0693641618497
3 0.634865568083 0.357225433526 0.0156114483955 0.0416184971098
4 0.64960971379 0.361271676301 0.01908065915 0.0335260115607
3 0.68473547268 0.356647398844 0.0581092801388 0.114450867052
3 0.732003469211 0.368208092486 0.0416305290546 0.0867052023121
3 0.78013876843 0.357225433526 0.0424978317433 0.078612716763
3 0.813096270598 0.365895953757 0.0372940156114 0.0635838150289
3 0.941457068517 0.339306358382 0.0442324371206 0.0797687861272
4 0.86947094536 0.354335260116 0.00954032957502 0.0150289017341
4 0.895923677363 0.367630057803 0.0468343451865 0.0670520231214
3 0.979618386817 0.361849710983 0.0390286209887 0.106358381503
