4 0.740178571429 0.502380952381 0.0696428571429 0.114285714286
4 0.680357142857 0.471428571429 0.0535714285714 0.0809523809524
4 0.627678571429 0.439285714286 0.0446428571429 0.0690476190476
4 0.591964285714 0.428571428571 0.0303571428571 0.0619047619048
4 0.565178571429 0.417857142857 0.0267857142857 0.0547619047619
4 0.478571428571 0.407142857143 0.0214285714286 0.0380952380952
4 0.408928571429 0.414285714286 0.0321428571429 0.0428571428571
4 0.315178571429 0.419047619048 0.0303571428571 0.047619047619
4 0.289285714286 0.434523809524 0.0392857142857 0.0595238095238
4 0.253571428571 0.409523809524 0.0464285714286 0.0761904761905
4 0.191964285714 0.45119047619 0.0696428571429 0.0928571428571
4 0.0294642857143 0.503571428571 0.0589285714286 0.130952380952
