3 0.0423076923077 0.379907621247 0.0661538461538 0.131639722864
3 0.184615384615 0.362586605081 0.0523076923077 0.115473441109
3 0.365384615385 0.384526558891 0.0661538461538 0.127020785219
3 0.403846153846 0.394919168591 0.0323076923077 0.0877598152425
3 0.481538461538 0.345265588915 0.0676923076923 0.131639722864
3 0.544615384615 0.375288683603 0.0584615384615 0.0993071593533
3 0.935384615385 0.372979214781 0.0892307692308 0.163972286374
3 0.983076923077 0.354503464203 0.0307692307692 0.140877598152
2 0.833076923077 0.363741339492 0.0538461538462 0.113163972286
2 0.709230769231 0.346420323326 0.0769230769231 0.13856812933
4 0.233846153846 0.357967667436 0.0615384615385 0.110854503464
2 0.0930769230769 0.39376443418 0.0476923076923 0.094688221709
