3 0.5775 0.48127340824 0.06 0.10861423221
4 0.79875 0.516853932584 0.0325 0.059925093633
2 0.64375 0.511235955056 0.0325 0.0561797752809
2 0.46875 0.522471910112 0.0325 0.063670411985
2 0.43125 0.511235955056 0.0275 0.0561797752809
2 0.4 0.507490636704 0.04 0.0861423220974
2 0.375 0.511235955056 0.025 0.0711610486891
2 0.2975 0.5 0.04 0.063670411985
2 0.24375 0.50936329588 0.0475 0.0823970037453
2 0.20125 0.526217228464 0.0325 0.0561797752809
2 0.09125 0.501872659176 0.0525 0.0973782771536
3 0.1275 0.5 0.03 0.0561797752809
3 0.03625 0.507490636704 0.0325 0.0711610486891
