4 0.015 0.514285714286 0.03 0.0571428571429
4 0.124285714286 0.49619047619 0.0257142857143 0.04
4 0.437857142857 0.48380952381 0.0328571428571 0.0609523809524
3 0.237857142857 0.489523809524 0.0557142857143 0.0838095238095
3 0.305714285714 0.486666666667 0.0714285714286 0.12380952381
3 0.410714285714 0.501904761905 0.0671428571429 0.108571428571
3 0.5 0.482857142857 0.0542857142857 0.0933333333333
3 0.565 0.499047619048 0.03 0.0533333333333
2 0.602857142857 0.472380952381 0.06 0.114285714286
2 0.703571428571 0.500952380952 0.0242857142857 0.0380952380952
2 0.757142857143 0.491428571429 0.0257142857143 0.0457142857143
2 0.813571428571 0.47619047619 0.0557142857143 0.0990476190476
1 0.885714285714 0.478095238095 0.0257142857143 0.0380952380952
4 0.917142857143 0.474285714286 0.0457142857143 0.087619047619
4 0.338571428571 0.0828571428571 0.0428571428571 0.0780952380952
