1 0.0386363636364 0.393470790378 0.0727272727273 0.134020618557
1 0.0772727272727 0.429553264605 0.0454545454545 0.0962199312715
1 0.307954545455 0.465635738832 0.0613636363636 0.106529209622
1 0.790909090909 0.395189003436 0.0636363636364 0.13058419244
3 0.230681818182 0.422680412371 0.0659090909091 0.116838487973
3 0.382954545455 0.441580756014 0.0386363636364 0.0790378006873
3 0.505681818182 0.445017182131 0.0613636363636 0.106529209622
3 0.584090909091 0.414089347079 0.0409090909091 0.0927835051546
3 0.669318181818 0.451890034364 0.0477272727273 0.0996563573883
0 0.892045454545 0.429553264605 0.075 0.116838487973
