4 0.129547471162 0.393475366178 0.039041703638 0.0758988015979
4 0.356255545697 0.399467376831 0.0576752440106 0.098535286285
4 0.389529724933 0.432090545939 0.019520851819 0.0386151797603
4 0.288376220053 0.460053262317 0.0159716060337 0.0252996005326
4 0.527506654836 0.435419440746 0.0239574090506 0.0452729693742
4 0.600709849157 0.41810918775 0.0514640638864 0.0905459387483
4 0.697870452529 0.402796271638 0.0683229813665 0.105193075899
4 0.768411712511 0.412782956059 0.0479148181012 0.0852197070573
4 0.844720496894 0.404793608522 0.0354924578527 0.0532623169108
3 0.830523513753 0.452729693742 0.019520851819 0.0399467376831
4 0.963176574978 0.431424766977 0.036379769299 0.0639147802929
