3 0.158836689038 0.268328445748 0.0402684563758 0.0791788856305
3 0.215883668904 0.282991202346 0.0380313199105 0.0674486803519
3 0.267337807606 0.296187683284 0.0604026845638 0.099706744868
3 0.39485458613 0.315249266862 0.0648769574944 0.0967741935484
3 0.412751677852 0.260997067449 0.0380313199105 0.0703812316716
3 0.450782997763 0.256598240469 0.0559284116331 0.0967741935484
3 0.545861297539 0.326979472141 0.0626398210291 0.0909090909091
3 0.592841163311 0.300586510264 0.0536912751678 0.0967741935484
2 0.11744966443 0.263929618768 0.0469798657718 0.0821114369501
3 0.77293064877 0.290322580645 0.0425055928412 0.0879765395894
3 0.733780760626 0.280058651026 0.0492170022371 0.0791788856305
2 0.647651006711 0.280058651026 0.0693512304251 0.120234604106
0 0.535794183445 0.265395894428 0.0469798657718 0.0615835777126
1 0.856823266219 0.294721407625 0.0536912751678 0.0791788856305
2 0.956375838926 0.32991202346 0.0469798657718 0.0850439882698
2 0.923937360179 0.33431085044 0.0134228187919 0.0234604105572
