3 0.0111448834853 0.325722983257 0.0222897669706 0.109589041096
0 0.0258358662614 0.301369863014 0.0455927051672 0.106544901065
0 0.166666666667 0.344748858447 0.0496453900709 0.0989345509893
0 0.212765957447 0.345509893455 0.0364741641337 0.124809741248
0 0.261904761905 0.329528158295 0.0739614994934 0.153729071537
0 0.37031408308 0.339421613394 0.047619047619 0.0821917808219
0 0.585106382979 0.331050228311 0.0536980749747 0.114155251142
0 0.637284701114 0.349315068493 0.0688956433637 0.132420091324
0 0.678824721378 0.355403348554 0.0344478216819 0.0958904109589
0 0.802938196555 0.330289193303 0.0881458966565 0.152207001522
1 0.852583586626 0.350076103501 0.00709219858156 0.0182648401826
1 0.326747720365 0.332572298326 0.0131712259372 0.0228310502283
