3 0.271666666667 0.429648241206 0.0666666666667 0.130653266332
3 0.316666666667 0.474874371859 0.0166666666667 0.0251256281407
3 0.3475 0.468592964824 0.0483333333333 0.0929648241206
3 0.370833333333 0.448492462312 0.0316666666667 0.0778894472362
3 0.463333333333 0.437185929648 0.0533333333333 0.0904522613065
4 0.5225 0.420854271357 0.0383333333333 0.0678391959799
3 0.600833333333 0.410804020101 0.055 0.108040201005
3 0.704166666667 0.402010050251 0.0483333333333 0.105527638191
3 0.200833333333 0.488693467337 0.0116666666667 0.0226130653266
0 0.174166666667 0.48743718593 0.0116666666667 0.0201005025126
3 0.155 0.488693467337 0.0133333333333 0.0226130653266
3 0.120833333333 0.491206030151 0.0116666666667 0.0226130653266
