3 0.65 0.232584269663 0.0257142857143 0.0561797752809
3 0.735714285714 0.225842696629 0.0542857142857 0.110112359551
4 0.658571428571 0.268539325843 0.0342857142857 0.0651685393258
4 0.865 0.231460674157 0.0271428571429 0.0808988764045
4 0.892142857143 0.24606741573 0.0614285714286 0.123595505618
4 0.572142857143 0.220224719101 0.0585714285714 0.125842696629
4 0.536428571429 0.242696629213 0.0214285714286 0.0539325842697
4 0.482142857143 0.259550561798 0.0557142857143 0.0966292134831
4 0.425714285714 0.243820224719 0.0371428571429 0.0741573033708
4 0.339285714286 0.211235955056 0.0585714285714 0.116853932584
4 0.281428571429 0.261797752809 0.0371428571429 0.0606741573034
4 0.204285714286 0.257303370787 0.0314285714286 0.0561797752809
4 0.0992857142857 0.222471910112 0.0614285714286 0.116853932584
