4 0.026 0.366295264624 0.012 0.0194986072423
3 0.08 0.370473537604 0.036 0.066852367688
3 0.137 0.371866295265 0.05 0.108635097493
4 0.211 0.369080779944 0.034 0.0640668523677
3 0.288 0.364902506964 0.06 0.111420612813
3 0.349 0.33704735376 0.038 0.066852367688
3 0.481 0.363509749304 0.062 0.130919220056
3 0.505 0.33286908078 0.038 0.0863509749304
3 0.627 0.325905292479 0.07 0.116991643454
3 0.707 0.33286908078 0.046 0.0807799442897
3 0.875 0.363509749304 0.066 0.125348189415
4 0.786 0.348189415042 0.052 0.08356545961
4 0.582 0.338440111421 0.036 0.0863509749304
