4 0.936363636364 0.442204301075 0.12 0.212365591398
4 0.857272727273 0.518817204301 0.0563636363636 0.0913978494624
4 0.784545454545 0.508064516129 0.0345454545455 0.0591397849462
4 0.728181818182 0.51747311828 0.0309090909091 0.0510752688172
4 0.698181818182 0.493279569892 0.04 0.0779569892473
4 0.67 0.505376344086 0.02 0.0376344086022
4 0.64 0.505376344086 0.0254545454545 0.0483870967742
4 0.546363636364 0.491935483871 0.0418181818182 0.0752688172043
4 0.609090909091 0.506720430108 0.0145454545455 0.0241935483871
4 0.499090909091 0.469086021505 0.0272727272727 0.0510752688172
4 0.413636363636 0.454301075269 0.0490909090909 0.0752688172043
4 0.373636363636 0.463709677419 0.0236363636364 0.0456989247312
4 0.242727272727 0.44623655914 0.0236363636364 0.0430107526882
4 0.158181818182 0.439516129032 0.0290909090909 0.0510752688172
4 0.0372727272727 0.430107526882 0.0345454545455 0.0591397849462
