4 0.852 0.42042042042 0.04 0.0600600600601
4 0.645 0.435435435435 0.042 0.0660660660661
4 0.494 0.463963963964 0.044 0.0810810810811
4 0.447 0.474474474474 0.03 0.0540540540541
4 0.385 0.466966966967 0.026 0.039039039039
4 0.346 0.46996996997 0.032 0.0630630630631
4 0.299 0.481981981982 0.038 0.0750750750751
4 0.322 0.48048048048 0.02 0.048048048048
4 0.241 0.518018018018 0.018 0.033033033033
4 0.191 0.528528528529 0.014 0.03003003003
4 0.149 0.512012012012 0.038 0.0630630630631
4 0.111 0.533033033033 0.018 0.033033033033
4 0.034 0.51951951952 0.032 0.0540540540541
