4 0.73681640625 0.181879194631 0.0751953125 0.122147651007
4 0.806640625 0.193288590604 0.05859375 0.104697986577
4 0.6767578125 0.192617449664 0.041015625 0.0657718120805
4 0.59228515625 0.148993288591 0.0576171875 0.0993288590604
4 0.494140625 0.167785234899 0.076171875 0.128859060403
4 0.32470703125 0.173825503356 0.1044921875 0.178523489933
4 0.265625 0.187248322148 0.03515625 0.0765100671141
4 0.2080078125 0.209395973154 0.037109375 0.0644295302013
4 0.13427734375 0.210067114094 0.0869140625 0.124832214765
4 0.03662109375 0.242953020134 0.0341796875 0.0590604026846
3 0.37939453125 0.23288590604 0.0244140625 0.0442953020134
3 0.39306640625 0.224161073826 0.0205078125 0.0429530201342
4 0.41845703125 0.241610738255 0.0263671875 0.0456375838926
3 0.85107421875 0.176510067114 0.0498046875 0.0845637583893
