3 0.0345454545455 0.376832844575 0.0363636363636 0.0674486803519
3 0.146363636364 0.306451612903 0.0563636363636 0.126099706745
3 0.261818181818 0.274193548387 0.0545454545455 0.102639296188
3 0.290909090909 0.304985337243 0.04 0.0703812316716
3 0.372727272727 0.225806451613 0.08 0.158357771261
3 0.483636363636 0.221407624633 0.0872727272727 0.184750733138
3 0.56 0.268328445748 0.0618181818182 0.120234604106
3 0.675454545455 0.328445747801 0.0345454545455 0.0762463343109
3 0.747272727273 0.239002932551 0.0654545454545 0.126099706745
3 0.867272727273 0.240469208211 0.08 0.134897360704
3 0.951818181818 0.307917888563 0.0381818181818 0.0821114369501
