4 0.114285714286 0.361370716511 0.0857142857143 0.14953271028
4 0.232653061224 0.334890965732 0.0612244897959 0.102803738318
4 0.381632653061 0.323987538941 0.0612244897959 0.105919003115
4 0.437755102041 0.398753894081 0.0428571428571 0.0809968847352
4 0.522448979592 0.383177570093 0.0244897959184 0.0560747663551
4 0.55306122449 0.364485981308 0.0408163265306 0.0872274143302
4 0.639795918367 0.384735202492 0.0469387755102 0.0965732087227
4 0.776530612245 0.369158878505 0.0428571428571 0.0778816199377
4 0.84693877551 0.397196261682 0.0530612244898 0.102803738318
4 0.877551020408 0.348909657321 0.0448979591837 0.0809968847352
