3 0.126447876448 0.316129032258 0.0289575289575 0.0451612903226
4 0.189189189189 0.303225806452 0.023166023166 0.0774193548387
4 0.221042471042 0.304838709677 0.0559845559846 0.106451612903
4 0.299227799228 0.28064516129 0.0501930501931 0.0903225806452
4 0.357142857143 0.291935483871 0.0540540540541 0.1
1 0.400579150579 0.322580645161 0.0173745173745 0.0387096774194
4 0.46332046332 0.261290322581 0.0540540540541 0.116129032258
4 0.531853281853 0.345161290323 0.0521235521236 0.116129032258
1 0.596525096525 0.346774193548 0.019305019305 0.041935483871
4 0.694980694981 0.290322580645 0.0579150579151 0.116129032258
4 0.75 0.301612903226 0.0366795366795 0.0677419354839
4 0.777992277992 0.325806451613 0.03861003861 0.0838709677419
1 0.874517374517 0.325806451613 0.019305019305 0.0387096774194
1 0.918918918919 0.317741935484 0.019305019305 0.0354838709677
4 0.944015444015 0.332258064516 0.027027027027 0.058064516129
