4 0.075 0.350666666667 0.05 0.0666666666667
4 0.121 0.361333333333 0.014 0.0293333333333
4 0.228 0.364 0.024 0.04
4 0.281 0.332 0.07 0.0986666666667
4 0.386 0.341333333333 0.056 0.096
4 0.439 0.358666666667 0.034 0.0666666666667
4 0.53 0.349333333333 0.056 0.0906666666667
4 0.574 0.376 0.024 0.0373333333333
4 0.601 0.332 0.03 0.088
4 0.635 0.341333333333 0.066 0.096
4 0.684 0.349333333333 0.044 0.0746666666667
4 0.736 0.337333333333 0.072 0.109333333333
4 0.776 0.378666666667 0.036 0.064
4 0.8 0.372 0.024 0.0453333333333
4 0.824 0.386666666667 0.036 0.0533333333333
4 0.869 0.381333333333 0.054 0.0906666666667
4 0.924 0.4 0.028 0.048
4 0.936 0.373333333333 0.028 0.0373333333333
