3 0.06875 0.323119777159 0.0666666666667 0.122562674095
3 0.317708333333 0.302228412256 0.0645833333333 0.114206128134
3 0.417708333333 0.348189415042 0.08125 0.133704735376
3 0.5125 0.346796657382 0.025 0.0362116991643
3 0.547916666667 0.285515320334 0.025 0.0863509749304
3 0.59375 0.285515320334 0.0791666666667 0.142061281337
3 0.679166666667 0.321727019499 0.0541666666667 0.114206128134
3 0.75 0.317548746518 0.0333333333333 0.0389972144847
3 0.828125 0.271587743733 0.0729166666667 0.119777158774
3 0.932291666667 0.271587743733 0.0770833333333 0.147632311978
