4 0.16328125 0.333333333333 0.0703125 0.120833333333
4 0.0609375 0.335416666667 0.01875 0.0291666666667
4 0.296875 0.327083333333 0.015625 0.025
2 0.3609375 0.280208333333 0.078125 0.135416666667
2 0.40859375 0.296875 0.0453125 0.0895833333333
4 0.4328125 0.304166666667 0.015625 0.0333333333333
4 0.4625 0.292708333333 0.01875 0.0354166666667
4 0.48359375 0.28125 0.0234375 0.0416666666667
4 0.53125 0.270833333333 0.065625 0.108333333333
4 0.578125 0.278125 0.0375 0.0645833333333
4 0.63515625 0.276041666667 0.0453125 0.08125
4 0.71015625 0.24375 0.0171875 0.0291666666667
0 0.80078125 0.276041666667 0.0828125 0.139583333333
