4 0.132007233273 0.507228915663 0.0433996383363 0.0650602409639
4 0.309222423146 0.474698795181 0.0578661844485 0.0867469879518
4 0.375226039783 0.507228915663 0.0198915009042 0.0409638554217
4 0.397830018083 0.495180722892 0.0325497287523 0.0650602409639
4 0.5 0.471084337349 0.0560578661844 0.0795180722892
4 0.532549728752 0.492771084337 0.0162748643761 0.0313253012048
4 0.551537070524 0.493975903614 0.0253164556962 0.0385542168675
4 0.596745027125 0.493975903614 0.0253164556962 0.033734939759
4 0.667269439421 0.481927710843 0.0831826401447 0.101204819277
4 0.781193490054 0.459036144578 0.0578661844485 0.0795180722892
