2 0.0283333333333 0.453333333333 0.0566666666667 0.16
2 0.2275 0.436666666667 0.0283333333333 0.0733333333333
2 0.263333333333 0.465555555556 0.0566666666667 0.0955555555556
2 0.2825 0.42 0.045 0.08
2 0.515833333333 0.437777777778 0.055 0.0844444444444
2 0.621666666667 0.453333333333 0.0666666666667 0.111111111111
2 0.698333333333 0.446666666667 0.0566666666667 0.0888888888889
3 0.39 0.44 0.04 0.0844444444444
3 0.366666666667 0.432222222222 0.0266666666667 0.0688888888889
3 0.33 0.443333333333 0.0333333333333 0.0511111111111
1 0.0775 0.437777777778 0.0716666666667 0.111111111111
3 0.729166666667 0.431111111111 0.0183333333333 0.0311111111111
3 0.8175 0.404444444444 0.0783333333333 0.133333333333
2 0.911666666667 0.398888888889 0.0566666666667 0.0911111111111
