4 0.0266666666667 0.318333333333 0.0533333333333 0.123333333333
4 0.223333333333 0.35 0.0422222222222 0.08
4 0.274444444444 0.348333333333 0.0733333333333 0.116666666667
4 0.437777777778 0.313333333333 0.0533333333333 0.12
4 0.56 0.325 0.0666666666667 0.116666666667
4 0.762222222222 0.358333333333 0.0755555555556 0.136666666667
4 0.841111111111 0.293333333333 0.0866666666667 0.16
4 0.968888888889 0.333333333333 0.0577777777778 0.113333333333
2 0.656666666667 0.363333333333 0.0555555555556 0.113333333333
0 0.484444444444 0.331666666667 0.0533333333333 0.11
