4 0.0308333333333 0.314444444444 0.045 0.0733333333333
4 0.136666666667 0.341111111111 0.04 0.06
4 0.2625 0.364444444444 0.035 0.0622222222222
4 0.3225 0.385555555556 0.0183333333333 0.0333333333333
4 0.340833333333 0.385555555556 0.025 0.0466666666667
3 0.380833333333 0.387777777778 0.045 0.0733333333333
3 0.585833333333 0.41 0.0383333333333 0.0688888888889
3 0.638333333333 0.406666666667 0.0333333333333 0.08
4 0.485 0.366666666667 0.0366666666667 0.0577777777778
4 0.525 0.427777777778 0.0266666666667 0.0422222222222
4 0.6675 0.397777777778 0.0516666666667 0.0844444444444
4 0.795833333333 0.448888888889 0.0283333333333 0.0666666666667
4 0.835 0.446666666667 0.07 0.12
4 0.878333333333 0.443333333333 0.0333333333333 0.0644444444444
4 0.980833333333 0.438888888889 0.035 0.0644444444444
