4 0.158 0.385542168675 0.036 0.066265060241
4 0.286 0.373493975904 0.036 0.0722891566265
4 0.352 0.379518072289 0.036 0.0602409638554
4 0.419 0.361445783133 0.038 0.078313253012
4 0.47 0.385542168675 0.032 0.066265060241
4 0.532 0.365963855422 0.04 0.0692771084337
4 0.604 0.399096385542 0.036 0.0632530120482
4 0.662 0.402108433735 0.032 0.0572289156627
4 0.717 0.403614457831 0.022 0.0481927710843
4 0.741 0.405120481928 0.022 0.039156626506
3 0.765 0.409638554217 0.014 0.0301204819277
3 0.78 0.415662650602 0.016 0.0301204819277
4 0.805 0.409638554217 0.022 0.0421686746988
4 0.841 0.421686746988 0.05 0.0963855421687
4 0.883 0.40813253012 0.026 0.0512048192771
4 0.91 0.424698795181 0.02 0.0361445783133
4 0.923 0.396084337349 0.022 0.039156626506
4 0.946 0.427710843373 0.028 0.0421686746988
4 0.986 0.414156626506 0.02 0.0331325301205
