4 0.204545454545 0.422518159806 0.0418181818182 0.0605326876513
4 0.290909090909 0.451573849879 0.0618181818182 0.0799031476998
4 0.368181818182 0.446731234867 0.0418181818182 0.0605326876513
4 0.408181818182 0.437046004843 0.0345454545455 0.0605326876513
4 0.455454545455 0.450363196126 0.0381818181818 0.0581113801453
4 0.499090909091 0.468523002421 0.0309090909091 0.0556900726392
4 0.569090909091 0.457627118644 0.0472727272727 0.0677966101695
4 0.600909090909 0.453995157385 0.0345454545455 0.0605326876513
4 0.662727272727 0.461259079903 0.0345454545455 0.0605326876513
4 0.779090909091 0.483050847458 0.0709090909091 0.0992736077482
4 0.847272727273 0.509685230024 0.0509090909091 0.0799031476998
4 0.963636363636 0.48789346247 0.0472727272727 0.0750605326877
