3 0.215707964602 0.398255813953 0.0287610619469 0.0523255813953
3 0.243362831858 0.389534883721 0.0398230088496 0.0697674418605
3 0.321902654867 0.380813953488 0.0553097345133 0.0872093023256
3 0.435840707965 0.415697674419 0.0398230088496 0.0697674418605
3 0.480088495575 0.401162790698 0.0309734513274 0.046511627907
3 0.514380530973 0.396802325581 0.0464601769912 0.0726744186047
3 0.566371681416 0.395348837209 0.0353982300885 0.0581395348837
3 0.603982300885 0.393895348837 0.0398230088496 0.0668604651163
2 0.678097345133 0.375 0.0464601769912 0.0755813953488
2 0.390486725664 0.401162790698 0.0287610619469 0.0523255813953
