4 0.188475390156 0.47803030303 0.15606242497 0.219696969697
4 0.264705882353 0.397727272727 0.0972388955582 0.137878787879
4 0.333733493397 0.291666666667 0.0360144057623 0.0560606060606
4 0.524009603842 0.288636363636 0.0348139255702 0.0590909090909
4 0.549819927971 0.309848484848 0.0456182472989 0.0651515151515
4 0.618847539016 0.309848484848 0.0444177671068 0.080303030303
4 0.707683073229 0.34696969697 0.0588235294118 0.0848484848485
4 0.725090036014 0.298484848485 0.0288115246098 0.0454545454545
4 0.756302521008 0.300757575758 0.0288115246098 0.05
4 0.820528211285 0.351515151515 0.0660264105642 0.10303030303
4 0.888355342137 0.443181818182 0.168067226891 0.262121212121
