4 0.0342857142857 0.380085653105 0.0685714285714 0.160599571734
4 0.0735714285714 0.413276231263 0.0414285714286 0.119914346895
4 0.106428571429 0.408993576017 0.0357142857143 0.0770877944325
4 0.215714285714 0.366167023555 0.0828571428571 0.149892933619
4 0.282857142857 0.375802997859 0.04 0.0706638115632
4 0.366428571429 0.404710920771 0.0557142857143 0.0899357601713
4 0.448571428571 0.372591006424 0.0857142857143 0.149892933619
4 0.497142857143 0.371520342612 0.0342857142857 0.0963597430407
4 0.536428571429 0.339400428266 0.0214285714286 0.0535331905782
4 0.572857142857 0.358672376874 0.0657142857143 0.104925053533
4 0.653571428571 0.370449678801 0.0842857142857 0.145610278373
4 0.847857142857 0.380085653105 0.0757142857143 0.139186295503
4 0.0164285714286 0.492505353319 0.0328571428571 0.20556745182
