3 0.0315384615385 0.403002309469 0.0230769230769 0.0392609699769
3 0.0723076923077 0.356812933025 0.0769230769231 0.140877598152
3 0.149230769231 0.376443418014 0.0246153846154 0.0461893764434
3 0.201538461538 0.323325635104 0.0707692307692 0.143187066975
3 0.26 0.344110854503 0.0584615384615 0.110854503464
3 0.316923076923 0.359122401848 0.04 0.080831408776
3 0.352307692308 0.339491916859 0.0553846153846 0.133949191686
3 0.397692307692 0.347575057737 0.0476923076923 0.094688221709
3 0.463076923077 0.33025404157 0.0615384615385 0.129330254042
3 0.545384615385 0.309468822171 0.0569230769231 0.129330254042
3 0.631538461538 0.356812933025 0.0384615384615 0.0900692840647
2 0.597692307692 0.339491916859 0.0323076923077 0.0785219399538
3 0.678461538462 0.242494226328 0.0892307692308 0.193995381062
2 0.796923076923 0.31870669746 0.0430769230769 0.0785219399538
3 0.857692307692 0.292147806005 0.0846153846154 0.15935334873
4 0.983076923077 0.355658198614 0.0307692307692 0.0554272517321
