3 0.217578125 0.277083333333 0.06796875 0.1375
4 0.176171875 0.322916666667 0.04140625 0.0645833333333
4 0.1453125 0.347916666667 0.040625 0.05
4 0.32421875 0.364583333333 0.05 0.0979166666667
4 0.35625 0.3515625 0.03125 0.0552083333333
4 0.42265625 0.378645833333 0.040625 0.0635416666667
4 0.4609375 0.346875 0.034375 0.0520833333333
4 0.513671875 0.344270833333 0.07421875 0.115625
3 0.575390625 0.338020833333 0.05859375 0.0989583333333
4 0.644921875 0.369270833333 0.10390625 0.153125
4 0.717578125 0.377083333333 0.02578125 0.0395833333333
4 0.759765625 0.352083333333 0.04765625 0.10625
4 0.811328125 0.363020833333 0.07265625 0.121875
4 0.86953125 0.3625 0.0484375 0.075
4 0.9046875 0.375 0.009375 0.0145833333333
