4 0.174561403509 0.458549222798 0.0438596491228 0.0725388601036
4 0.271052631579 0.459844559585 0.0333333333333 0.0699481865285
4 0.294736842105 0.45207253886 0.0245614035088 0.0544041450777
4 0.428947368421 0.422279792746 0.0298245614035 0.0569948186528
4 0.516666666667 0.439119170984 0.0298245614035 0.0544041450777
4 0.540350877193 0.431347150259 0.0315789473684 0.0544041450777
4 0.628070175439 0.417098445596 0.0280701754386 0.0518134715026
4 0.663157894737 0.423575129534 0.0245614035088 0.0440414507772
4 0.681578947368 0.415803108808 0.0228070175439 0.0440414507772
4 0.721929824561 0.424870466321 0.0228070175439 0.0414507772021
4 0.779824561404 0.423575129534 0.0228070175439 0.0440414507772
