4 0.179530201342 0.539042821159 0.0335570469799 0.0654911838791
4 0.281040268456 0.556675062972 0.0285234899329 0.0604534005038
4 0.332214765101 0.545340050378 0.0302013422819 0.0629722921914
3 0.390939597315 0.571788413098 0.0335570469799 0.0554156171285
4 0.423657718121 0.546599496222 0.0218120805369 0.0403022670025
4 0.468959731544 0.571788413098 0.0318791946309 0.0705289672544
3 0.526006711409 0.560453400504 0.0251677852349 0.0478589420655
4 0.541946308725 0.552896725441 0.0201342281879 0.0478589420655
4 0.58389261745 0.57556675063 0.0335570469799 0.0629722921914
4 0.671140939597 0.560453400504 0.0302013422819 0.0629722921914
4 0.816275167785 0.562972292191 0.0251677852349 0.0428211586902
