2 0.16 0.449769585253 0.0426666666667 0.0811059907834
2 0.464666666667 0.460829493088 0.0373333333333 0.0755760368664
2 0.411666666667 0.486175115207 0.0113333333333 0.0175115207373
3 0.196 0.44930875576 0.012 0.021198156682
0 0.195666666667 0.488479262673 0.0166666666667 0.03133640553
0 0.348333333333 0.462211981567 0.0353333333333 0.0654377880184
0 0.529333333333 0.470046082949 0.032 0.0608294930876
0 0.548666666667 0.469585253456 0.0213333333333 0.0488479262673
0 0.621 0.467281105991 0.0353333333333 0.0700460829493
0 0.724666666667 0.470506912442 0.0333333333333 0.0691244239631
0 0.749666666667 0.46866359447 0.026 0.0562211981567
