4 0.171568627451 0.342524509804 0.173202614379 0.15318627451
4 0.266339869281 0.40318627451 0.0816993464052 0.093137254902
4 0.0457516339869 0.273897058824 0.0849673202614 0.0772058823529
4 0.125 0.25 0.031045751634 0.0294117647059
4 0.209150326797 0.245098039216 0.0392156862745 0.0343137254902
4 0.328431372549 0.261642156863 0.104575163399 0.0992647058824
4 0.425653594771 0.237132352941 0.0604575163399 0.0600490196078
4 0.524509803922 0.238357843137 0.0882352941176 0.0919117647059
4 0.580065359477 0.267769607843 0.0718954248366 0.0747549019608
4 0.637254901961 0.252450980392 0.0490196078431 0.0416666666667
4 0.661764705882 0.229779411765 0.016339869281 0.015931372549
4 0.677287581699 0.231004901961 0.0212418300654 0.015931372549
