4 0.0484126984127 0.567796610169 0.0142857142857 0.0338983050847
4 0.12380952381 0.443502824859 0.0412698412698 0.0847457627119
4 0.17380952381 0.405367231638 0.0428571428571 0.0932203389831
4 0.236507936508 0.443502824859 0.0349206349206 0.0677966101695
4 0.30873015873 0.361581920904 0.0555555555556 0.107344632768
4 0.422222222222 0.293785310734 0.0571428571429 0.124293785311
4 0.537301587302 0.258474576271 0.0714285714286 0.166666666667
4 0.5 0.453389830508 0.0349206349206 0.0762711864407
4 0.634126984127 0.488700564972 0.0269841269841 0.0621468926554
4 0.664285714286 0.514124293785 0.0269841269841 0.045197740113
4 0.859523809524 0.145480225989 0.106349206349 0.21186440678
