1 0.2625 0.438888888889 0.0416666666667 0.0644444444444
1 0.371666666667 0.475555555556 0.03 0.0533333333333
1 0.420833333333 0.433333333333 0.0383333333333 0.0622222222222
1 0.474166666667 0.437777777778 0.0283333333333 0.0666666666667
1 0.544166666667 0.428888888889 0.035 0.0711111111111
1 0.661666666667 0.418888888889 0.0433333333333 0.0733333333333
0 0.695833333333 0.423333333333 0.035 0.06
0 0.1875 0.444444444444 0.0416666666667 0.0755555555556
3 0.830833333333 0.392222222222 0.0483333333333 0.0822222222222
4 0.745 0.303333333333 0.0233333333333 0.0377777777778
3 0.456666666667 0.461111111111 0.0133333333333 0.0288888888889
3 0.52 0.465555555556 0.0166666666667 0.0244444444444
3 0.6225 0.486666666667 0.00833333333333 0.0177777777778
