4 0.105 0.28323699422 0.0385714285714 0.0982658959538
4 0.265714285714 0.24710982659 0.0342857142857 0.0838150289017
4 0.309285714286 0.28323699422 0.0414285714286 0.104046242775
4 0.347142857143 0.274566473988 0.0257142857143 0.0578034682081
4 0.46 0.25289017341 0.0428571428571 0.101156069364
4 0.484285714286 0.277456647399 0.0257142857143 0.0751445086705
4 0.5 0.28323699422 0.02 0.0635838150289
4 0.542142857143 0.278901734104 0.0271428571429 0.0606936416185
4 0.624285714286 0.290462427746 0.0285714285714 0.0722543352601
4 0.671428571429 0.271676300578 0.04 0.0982658959538
4 0.702142857143 0.260115606936 0.0271428571429 0.0751445086705
