2 0.2075 0.38 0.0516666666667 0.0888888888889
2 0.596666666667 0.378888888889 0.0566666666667 0.0955555555556
2 0.646666666667 0.408888888889 0.0333333333333 0.0666666666667
2 0.720833333333 0.381111111111 0.0416666666667 0.0822222222222
2 0.786666666667 0.34 0.0566666666667 0.115555555556
2 0.561666666667 0.368888888889 0.0266666666667 0.0844444444444
2 0.5325 0.396666666667 0.035 0.06
3 0.423333333333 0.404444444444 0.0366666666667 0.0844444444444
3 0.354166666667 0.372222222222 0.0616666666667 0.113333333333
4 0.319166666667 0.403333333333 0.0283333333333 0.0644444444444
