2 0.237272727273 0.423705722071 0.0309090909091 0.0626702997275
2 0.471818181818 0.378746594005 0.0345454545455 0.0762942779292
4 0.358181818182 0.425068119891 0.0327272727273 0.0490463215259
3 0.55 0.407356948229 0.0309090909091 0.0572207084469
4 0.586363636364 0.404632152589 0.0272727272727 0.0572207084469
3 0.624545454545 0.420980926431 0.0309090909091 0.0626702997275
3 0.64 0.380108991826 0.0254545454545 0.0463215258856
3 0.706363636364 0.374659400545 0.0309090909091 0.0572207084469
3 0.748181818182 0.371934604905 0.0236363636364 0.0517711171662
3 0.804545454545 0.407356948229 0.0345454545455 0.0681198910082
2 0.867272727273 0.376021798365 0.0290909090909 0.0599455040872
2 0.668181818182 0.385558583106 0.0272727272727 0.0572207084469
2 0.655454545455 0.420980926431 0.0345454545455 0.0572207084469
