3 0.184244791667 0.431707317073 0.04296875 0.0975609756098
3 0.286458333333 0.393902439024 0.0416666666667 0.090243902439
3 0.3671875 0.385365853659 0.046875 0.0926829268293
3 0.463541666667 0.412195121951 0.0416666666667 0.0926829268293
3 0.544270833333 0.40487804878 0.03125 0.0829268292683
3 0.641276041667 0.387804878049 0.0247395833333 0.0780487804878
3 0.6796875 0.39512195122 0.046875 0.10243902439
3 0.727864583333 0.4 0.0338541666667 0.0780487804878
3 0.850911458333 0.412195121951 0.0377604166667 0.0878048780488
3 0.938802083333 0.4 0.0286458333333 0.0585365853659
