3 0.915607985481 0.297142857143 0.0635208711434 0.114285714286
4 0.937386569873 0.235714285714 0.0526315789474 0.0885714285714
3 0.800362976407 0.261428571429 0.05444646098 0.117142857143
3 0.719600725953 0.261428571429 0.0417422867514 0.0942857142857
3 0.691470054446 0.277142857143 0.0471869328494 0.102857142857
3 0.651542649728 0.261428571429 0.0399274047187 0.0885714285714
3 0.601633393829 0.267142857143 0.049001814882 0.1
4 0.565335753176 0.278571428571 0.0308529945554 0.0828571428571
3 0.530852994555 0.271428571429 0.0526315789474 0.108571428571
3 0.505444646098 0.25 0.038112522686 0.0828571428571
4 0.451905626134 0.28 0.0399274047187 0.0857142857143
3 0.407441016334 0.27 0.0417422867514 0.105714285714
3 0.387477313975 0.278571428571 0.049001814882 0.1
3 0.308529945554 0.268571428571 0.043557168784 0.0857142857143
4 0.267695099819 0.251428571429 0.049001814882 0.0914285714286
3 0.222323049002 0.301428571429 0.0526315789474 0.117142857143
4 0.158802177858 0.277142857143 0.049001814882 0.102857142857
4 0.109800362976 0.302857142857 0.0635208711434 0.114285714286
4 0.029945553539 0.3 0.038112522686 0.114285714286
4 0.00998185117967 0.298571428571 0.0199637023593 0.128571428571
