3 0.062 0.382882882883 0.092 0.171171171171
3 0.112 0.408408408408 0.02 0.0600600600601
3 0.182 0.378378378378 0.072 0.126126126126
3 0.238 0.397897897898 0.032 0.0690690690691
3 0.318 0.366366366366 0.028 0.0660660660661
3 0.433 0.387387387387 0.022 0.0600600600601
3 0.456 0.385885885886 0.036 0.0810810810811
3 0.502 0.363363363363 0.064 0.132132132132
3 0.572 0.345345345345 0.048 0.108108108108
3 0.658 0.370870870871 0.028 0.0690690690691
3 0.686 0.331831831832 0.052 0.111111111111
3 0.781 0.315315315315 0.074 0.138138138138
3 0.873 0.372372372372 0.038 0.0720720720721
4 0.383 0.375375375375 0.026 0.0540540540541
2 0.949 0.28978978979 0.086 0.177177177177
