4 0.0905940594059 0.564153439153 0.0742574257426 0.0939153439153
4 0.0415841584158 0.530423280423 0.0455445544554 0.0634920634921
3 0.139603960396 0.52380952381 0.0613861386139 0.10582010582
3 0.226732673267 0.536375661376 0.049504950495 0.0965608465608
3 0.900495049505 0.56746031746 0.0821782178218 0.124338624339
4 0.981188118812 0.56746031746 0.0356435643564 0.0925925925926
4 0.833168316832 0.570767195767 0.0544554455446 0.0806878306878
4 0.734158415842 0.534391534392 0.0425742574257 0.0820105820106
4 0.766336633663 0.541005291005 0.0356435643564 0.0582010582011
4 0.632178217822 0.564153439153 0.050495049505 0.0727513227513
4 0.596534653465 0.539021164021 0.0386138613861 0.0621693121693
1 0.575247524752 0.542328042328 0.00990099009901 0.0132275132275
4 0.49900990099 0.545634920635 0.0415841584158 0.0648148148148
4 0.465346534653 0.536375661376 0.0277227722772 0.0383597883598
4 0.408910891089 0.55291005291 0.0554455445545 0.0952380952381
4 0.372277227723 0.547619047619 0.0356435643564 0.0714285714286
4 0.344059405941 0.536375661376 0.0306930693069 0.0462962962963
