4 0.165 0.465568862275 0.046 0.0808383233533
3 0.242 0.443113772455 0.048 0.0838323353293
2 0.294 0.453592814371 0.04 0.0808383233533
3 0.379 0.402694610778 0.046 0.0928143712575
3 0.407 0.502994011976 0.046 0.0898203592814
3 0.459 0.456586826347 0.026 0.0568862275449
3 0.483 0.437125748503 0.022 0.0359281437126
3 0.526 0.452095808383 0.052 0.0958083832335
3 0.589 0.461077844311 0.038 0.0838323353293
3 0.633 0.446107784431 0.05 0.0958083832335
3 0.687 0.444610778443 0.042 0.0808383233533
3 0.764 0.479041916168 0.052 0.107784431138
3 0.859 0.416167664671 0.054 0.101796407186
