4 0.908823529412 0.305642633229 0.0694117647059 0.103448275862
2 0.954117647059 0.351097178683 0.0305882352941 0.0407523510972
2 0.796470588235 0.359717868339 0.0682352941176 0.120689655172
3 0.880588235294 0.401253918495 0.0270588235294 0.0344827586207
4 0.757647058824 0.355799373041 0.0352941176471 0.0877742946708
4 0.675882352941 0.302507836991 0.0717647058824 0.109717868339
4 0.529411764706 0.363636363636 0.08 0.122257053292
4 0.452941176471 0.344043887147 0.0494117647059 0.08934169279
4 0.317058823529 0.30329153605 0.0411764705882 0.0673981191223
2 0.284705882353 0.317398119122 0.0352941176471 0.0799373040752
4 0.250588235294 0.32131661442 0.0588235294118 0.122257053292
2 0.192941176471 0.292319749216 0.0635294117647 0.114420062696
4 0.0488235294118 0.297021943574 0.0788235294118 0.101880877743
