3 0.905589788732 0.277288732394 0.0602992957746 0.0956572769953
3 0.836487676056 0.307511737089 0.0779049295775 0.118544600939
3 0.740316901408 0.274941314554 0.044014084507 0.0850938967136
3 0.59639084507 0.298122065728 0.0396126760563 0.0892018779343
3 0.561179577465 0.294307511737 0.0580985915493 0.110915492958
3 0.504841549296 0.284330985915 0.0475352112676 0.0827464788732
3 0.373899647887 0.285798122066 0.0567781690141 0.0868544600939
3 0.326804577465 0.338028169014 0.0567781690141 0.099765258216
4 0.277288732394 0.31220657277 0.0642605633803 0.100938967136
3 0.240316901408 0.318661971831 0.0220070422535 0.0774647887324
3 0.17275528169 0.322769953052 0.0567781690141 0.100938967136
3 0.0211267605634 0.303110328638 0.0422535211268 0.0839201877934
