4 0.245833333333 0.75625 0.245 0.3325
4 0.905 0.63125 0.186666666667 0.3175
3 0.9175 0.395 0.121666666667 0.155
3 0.723333333333 0.2825 0.0466666666667 0.09
3 0.666666666667 0.39625 0.113333333333 0.2225
3 0.583333333333 0.4525 0.0966666666667 0.17
3 0.600833333333 0.26875 0.0416666666667 0.0925
3 0.563333333333 0.32875 0.07 0.1175
3 0.526666666667 0.285 0.0366666666667 0.085
3 0.475833333333 0.32125 0.0616666666667 0.1075
3 0.465833333333 0.26625 0.045 0.0725
3 0.4075 0.315 0.0516666666667 0.09
3 0.4325 0.4125 0.075 0.145
3 0.338333333333 0.31125 0.0433333333333 0.1025
3 0.301666666667 0.31875 0.07 0.1375
0 0.808333333333 0.36875 0.07 0.1125
