4 0.903773584906 0.553639846743 0.0528301886792 0.126436781609
4 0.866037735849 0.54214559387 0.0528301886792 0.111111111111
4 0.633962264151 0.545977011494 0.0452830188679 0.11877394636
4 0.685849056604 0.61877394636 0.0245283018868 0.0727969348659
3 0.742452830189 0.524904214559 0.0622641509434 0.16091954023
4 0.501886792453 0.574712643678 0.0490566037736 0.0996168582375
4 0.411320754717 0.553639846743 0.0490566037736 0.111111111111
4 0.304716981132 0.534482758621 0.0471698113208 0.11877394636
4 0.238679245283 0.547892720307 0.0547169811321 0.0996168582375
3 0.169811320755 0.578544061303 0.0377358490566 0.0842911877395
3 0.0245283018868 0.540229885057 0.0339622641509 0.0766283524904
