2 0.0449275362319 0.414893617021 0.0347826086957 0.0599613152805
2 0.136231884058 0.3916827853 0.0405797101449 0.0599613152805
2 0.271014492754 0.418762088975 0.0260869565217 0.0444874274662
2 0.346376811594 0.413926499033 0.0289855072464 0.0425531914894
2 0.378985507246 0.430367504836 0.0275362318841 0.0406189555126
2 0.447101449275 0.392649903288 0.0623188405797 0.116054158607
2 0.490579710145 0.41586073501 0.0246376811594 0.0425531914894
2 0.513768115942 0.408123791103 0.0275362318841 0.0386847195358
2 0.546376811594 0.426499032882 0.0202898550725 0.0328820116054
2 0.565217391304 0.417794970986 0.0260869565217 0.0386847195358
2 0.617391304348 0.420696324952 0.0260869565217 0.036750483559
2 0.640579710145 0.422630560928 0.0202898550725 0.036750483559
3 0.292028985507 0.420696324952 0.0188405797101 0.036750483559
3 0.710869565217 0.41586073501 0.0246376811594 0.0386847195358
2 0.858695652174 0.407156673114 0.0217391304348 0.0406189555126
2 0.921739130435 0.414893617021 0.0289855072464 0.0483558994197
2 0.958695652174 0.42166344294 0.0304347826087 0.0425531914894
2 0.984057971014 0.425531914894 0.0260869565217 0.0464216634429
