1 0.011 0.298798798799 0.022 0.039039039039
1 0.049 0.294294294294 0.022 0.042042042042
1 0.064 0.288288288288 0.02 0.042042042042
1 0.09 0.294294294294 0.016 0.036036036036
1 0.118 0.280780780781 0.024 0.045045045045
1 0.144 0.282282282282 0.02 0.036036036036
1 0.163 0.292792792793 0.022 0.039039039039
1 0.199 0.285285285285 0.018 0.042042042042
0 0.218 0.286786786787 0.024 0.039039039039
1 0.274 0.28978978979 0.068 0.123123123123
1 0.339 0.276276276276 0.022 0.048048048048
3 0.359 0.280780780781 0.022 0.0510510510511
2 0.394 0.279279279279 0.052 0.0960960960961
2 0.435 0.265765765766 0.026 0.0510510510511
2 0.454 0.261261261261 0.024 0.048048048048
2 0.472 0.279279279279 0.024 0.048048048048
2 0.517 0.276276276276 0.022 0.048048048048
1 0.547 0.274774774775 0.022 0.045045045045
3 0.59 0.273273273273 0.024 0.048048048048
3 0.607 0.273273273273 0.018 0.042042042042
3 0.622 0.273273273273 0.016 0.042042042042
3 0.64 0.265765765766 0.02 0.039039039039
3 0.667 0.294294294294 0.026 0.048048048048
3 0.709 0.288288288288 0.026 0.048048048048
3 0.748 0.256756756757 0.028 0.0510510510511
3 0.789 0.282282282282 0.022 0.042042042042
3 0.816 0.288288288288 0.028 0.0540540540541
3 0.832 0.255255255255 0.024 0.048048048048
3 0.876 0.294294294294 0.028 0.0540540540541
3 0.904 0.282282282282 0.028 0.0540540540541
3 0.95 0.27027027027 0.028 0.048048048048
3 0.979 0.301801801802 0.026 0.045045045045
