1 0.926666666667 0.852941176471 0.0166666666667 0.03081232493
1 0.838333333333 0.760504201681 0.0166666666667 0.0364145658263
1 0.959166666667 0.525210084034 0.0183333333333 0.03081232493
0 0.8925 0.427170868347 0.015 0.03081232493
1 0.828333333333 0.420168067227 0.0133333333333 0.0280112044818
1 0.795 0.505602240896 0.0166666666667 0.03081232493
1 0.754166666667 0.379551820728 0.0183333333333 0.03081232493
1 0.738333333333 0.418767507003 0.0133333333333 0.0252100840336
1 0.694166666667 0.449579831933 0.015 0.03081232493
1 0.634166666667 0.456582633053 0.015 0.0280112044818
1 0.728333333333 0.598039215686 0.0133333333333 0.03081232493
1 0.69 0.301120448179 0.0166666666667 0.0252100840336
1 0.641666666667 0.334733893557 0.0133333333333 0.0252100840336
1 0.601666666667 0.337535014006 0.0133333333333 0.0252100840336
3 0.740833333333 0.355742296919 0.015 0.0280112044818
1 0.633333333333 0.362745098039 0.0133333333333 0.0252100840336
0 0.645 0.394957983193 0.0133333333333 0.0224089635854
1 0.495833333333 0.264705882353 0.0116666666667 0.0252100840336
1 0.456666666667 0.266106442577 0.0133333333333 0.0280112044818
1 0.485 0.514005602241 0.0133333333333 0.0252100840336
1 0.435 0.584033613445 0.0133333333333 0.0252100840336
1 0.425833333333 0.544817927171 0.015 0.03081232493
1 0.445833333333 0.46918767507 0.015 0.03081232493
1 0.39 0.459383753501 0.0133333333333 0.0224089635854
1 0.369166666667 0.529411764706 0.015 0.0280112044818
1 0.3425 0.584033613445 0.015 0.03081232493
1 0.335 0.515406162465 0.0133333333333 0.0224089635854
1 0.318333333333 0.442577030812 0.0133333333333 0.0280112044818
1 0.361666666667 0.329131652661 0.0133333333333 0.0252100840336
1 0.204166666667 0.414565826331 0.015 0.0280112044818
0 0.1875 0.640056022409 0.015 0.03081232493
1 0.0916666666667 0.760504201681 0.0166666666667 0.03081232493
1 0.0291666666667 0.380952380952 0.015 0.0280112044818
1 0.391666666667 0.303921568627 0.0133333333333 0.0252100840336
1 0.376666666667 0.37675070028 0.0133333333333 0.0252100840336
1 0.364166666667 0.43837535014 0.015 0.0252100840336
1 0.2275 0.313725490196 0.015 0.0280112044818
4 0.5475 0.0490196078431 0.0116666666667 0.0196078431373
