1 0.960833333333 0.585213032581 0.035 0.0576441102757
1 0.834166666667 0.59022556391 0.0416666666667 0.0676691729323
1 0.803333333333 0.607769423559 0.03 0.0526315789474
3 0.903333333333 0.602756892231 0.04 0.0576441102757
3 0.774166666667 0.607769423559 0.0316666666667 0.0576441102757
1 0.75 0.615288220551 0.02 0.047619047619
3 0.705833333333 0.634085213033 0.025 0.0451127819549
3 0.619166666667 0.625313283208 0.0216666666667 0.0426065162907
2 0.643333333333 0.59649122807 0.04 0.0651629072682
1 0.594166666667 0.611528822055 0.0216666666667 0.0401002506266
3 0.57 0.610275689223 0.02 0.0426065162907
1 0.5375 0.619047619048 0.0183333333333 0.0401002506266
1 0.46 0.619047619048 0.02 0.0401002506266
1 0.470833333333 0.629072681704 0.0116666666667 0.0300751879699
1 0.403333333333 0.62656641604 0.0233333333333 0.0451127819549
1 0.385833333333 0.607769423559 0.025 0.0526315789474
1 0.361666666667 0.609022556391 0.0233333333333 0.0451127819549
1 0.319166666667 0.614035087719 0.0283333333333 0.0551378446115
3 0.296666666667 0.591478696742 0.0333333333333 0.0651629072682
1 0.263333333333 0.614035087719 0.03 0.0501253132832
1 0.225 0.602756892231 0.0366666666667 0.0676691729323
1 0.189166666667 0.606516290727 0.035 0.0651629072682
1 0.154166666667 0.586466165414 0.0316666666667 0.0601503759398
1 0.135 0.637844611529 0.03 0.0676691729323
1 0.1175 0.604010025063 0.0316666666667 0.0701754385965
1 0.0925 0.616541353383 0.0416666666667 0.0852130325815
1 0.0533333333333 0.637844611529 0.0533333333333 0.0877192982456
