1 0.185454545455 0.104109589041 0.130909090909 0.202739726027
1 0.387272727273 0.253424657534 0.0690909090909 0.117808219178
1 0.480909090909 0.283561643836 0.0454545454545 0.0794520547945
1 0.574545454545 0.345205479452 0.0327272727273 0.0493150684932
1 0.607272727273 0.369863013699 0.0290909090909 0.0547945205479
1 0.631818181818 0.378082191781 0.0236363636364 0.0383561643836
1 0.679090909091 0.382191780822 0.0236363636364 0.041095890411
1 0.710909090909 0.38904109589 0.0218181818182 0.0383561643836
1 0.75 0.401369863014 0.02 0.0356164383562
1 0.789090909091 0.402739726027 0.0181818181818 0.0328767123288
