1 0.935833333333 0.494444444444 0.0416666666667 0.06
1 0.8675 0.49 0.0316666666667 0.0555555555556
1 0.758333333333 0.482222222222 0.0333333333333 0.0533333333333
1 0.725833333333 0.494444444444 0.0283333333333 0.0422222222222
1 0.675 0.491111111111 0.0266666666667 0.04
1 0.6525 0.48 0.0283333333333 0.0577777777778
1 0.621666666667 0.483333333333 0.0266666666667 0.0466666666667
1 0.595833333333 0.493333333333 0.025 0.04
1 0.610833333333 0.458888888889 0.015 0.0288888888889
1 0.576666666667 0.475555555556 0.02 0.0355555555556
1 0.56 0.474444444444 0.0233333333333 0.0422222222222
1 0.518333333333 0.485555555556 0.0266666666667 0.0466666666667
1 0.495833333333 0.474444444444 0.025 0.0466666666667
4 0.543333333333 0.503333333333 0.0333333333333 0.06
1 0.4475 0.491111111111 0.025 0.0488888888889
1 0.394166666667 0.496666666667 0.0316666666667 0.0555555555556
1 0.3625 0.484444444444 0.0216666666667 0.0355555555556
1 0.384166666667 0.46 0.025 0.0355555555556
1 0.274166666667 0.504444444444 0.0283333333333 0.0444444444444
1 0.238333333333 0.498888888889 0.0266666666667 0.0466666666667
1 0.195 0.493333333333 0.0366666666667 0.0533333333333
1 0.101666666667 0.503333333333 0.0333333333333 0.0466666666667
1 0.0658333333333 0.49 0.0383333333333 0.0644444444444
3 0.306666666667 0.492222222222 0.05 0.0733333333333
