1 0.095 0.466292134831 0.075 0.138576779026
1 0.17375 0.466292134831 0.0625 0.123595505618
1 0.23625 0.479400749064 0.0475 0.0898876404494
1 0.27625 0.498127340824 0.0325 0.0898876404494
1 0.3 0.479400749064 0.03 0.0823970037453
1 0.41375 0.539325842697 0.0275 0.0524344569288
3 0.335 0.496254681648 0.035 0.0711610486891
3 0.3625 0.501872659176 0.03 0.0674157303371
3 0.39 0.496254681648 0.03 0.063670411985
1 0.48375 0.537453183521 0.0275 0.0486891385768
1 0.5075 0.511235955056 0.025 0.0486891385768
1 0.525 0.550561797753 0.025 0.0449438202247
1 0.62 0.522471910112 0.025 0.0486891385768
1 0.64 0.522471910112 0.02 0.0411985018727
1 0.67125 0.543071161049 0.0225 0.0449438202247
3 0.695 0.535580524345 0.02 0.0449438202247
4 0.725 0.558052434457 0.025 0.0449438202247
1 0.785 0.569288389513 0.02 0.0374531835206
1 0.81625 0.574906367041 0.0175 0.0337078651685
4 0.855 0.582397003745 0.02 0.0337078651685
1 0.86875 0.586142322097 0.0175 0.0337078651685
4 0.89125 0.554307116105 0.0175 0.0299625468165
4 0.75875 0.554307116105 0.0175 0.0374531835206
