4 0.778888888889 0.625 0.0244444444444 0.0433333333333
4 0.796666666667 0.578333333333 0.0155555555556 0.0233333333333
4 0.716666666667 0.608333333333 0.0244444444444 0.0366666666667
3 0.511111111111 0.565 0.0177777777778 0.03
4 0.444444444444 0.575 0.0177777777778 0.03
4 0.4 0.576666666667 0.0222222222222 0.0333333333333
4 0.576666666667 0.555 0.0155555555556 0.0233333333333
4 0.613333333333 0.556666666667 0.0133333333333 0.0266666666667
4 0.602222222222 0.553333333333 0.0133333333333 0.0266666666667
4 0.34 0.575 0.0222222222222 0.0366666666667
3 0.305555555556 0.545 0.02 0.03
4 0.268888888889 0.565 0.0177777777778 0.03
4 0.178888888889 0.535 0.0244444444444 0.0366666666667
