2 0.198888888889 0.411073825503 0.0333333333333 0.0570469798658
2 0.248888888889 0.394295302013 0.0355555555556 0.0570469798658
2 0.293333333333 0.354026845638 0.0533333333333 0.0906040268456
2 0.436666666667 0.365771812081 0.0333333333333 0.0738255033557
2 0.48 0.36744966443 0.0266666666667 0.0503355704698
2 0.507777777778 0.364093959732 0.0333333333333 0.0637583892617
2 0.583333333333 0.312080536913 0.0511111111111 0.114093959732
2 0.62 0.364093959732 0.0311111111111 0.0570469798658
3 0.365555555556 0.352348993289 0.06 0.107382550336
2 0.675555555556 0.359060402685 0.0533333333333 0.107382550336
2 0.705555555556 0.340604026846 0.0288888888889 0.0838926174497
2 0.804444444444 0.322147651007 0.0666666666667 0.120805369128
2 0.862222222222 0.352348993289 0.0222222222222 0.0536912751678
4 0.882222222222 0.355704697987 0.0311111111111 0.0536912751678
