1 0.310912511759 0.440384615385 0.0442144873001 0.0576923076923
1 0.352304797742 0.366666666667 0.0197554092192 0.0333333333333
1 0.43979303857 0.411538461538 0.0498588899341 0.074358974359
1 0.625587958608 0.432051282051 0.0451552210724 0.0666666666667
1 0.677328316087 0.354487179487 0.0131702728128 0.0217948717949
1 0.713546566322 0.538461538462 0.0442144873001 0.0666666666667
1 0.729539040452 0.453846153846 0.0498588899341 0.0769230769231
2 0.714487300094 0.353846153846 0.0235183443086 0.0410256410256
2 0.625117591722 0.351282051282 0.0216368767639 0.0384615384615
2 0.098777046096 0.337179487179 0.0169332079022 0.0282051282051
1 0.167450611477 0.346153846154 0.0112888052681 0.0153846153846
1 0.179680150517 0.340384615385 0.00940733772342 0.0141025641026
2 0.212135465663 0.341666666667 0.0103480714958 0.0141025641026
1 0.518814675447 0.174358974359 0.0159924741298 0.025641025641
