4 0.497395833333 0.592592592593 0.0130208333333 0.0277777777778
4 0.619140625 0.546296296296 0.01171875 0.0231481481481
4 0.636067708333 0.553240740741 0.01171875 0.0231481481481
4 0.721354166667 0.537037037037 0.0130208333333 0.0231481481481
4 0.741536458333 0.541666666667 0.01171875 0.0231481481481
4 0.778645833333 0.549768518519 0.0104166666667 0.0208333333333
2 0.822265625 0.501157407407 0.01171875 0.025462962963
2 0.845703125 0.501157407407 0.01171875 0.025462962963
2 0.874348958333 0.50462962963 0.01171875 0.0231481481481
4 0.90625 0.611111111111 0.0130208333333 0.0277777777778
4 0.804036458333 0.533564814815 0.01171875 0.0208333333333
2 0.602864583333 0.46412037037 0.0104166666667 0.0208333333333
