2 0.1640625 0.447916666667 0.0760416666667 0.120833333333
2 0.3890625 0.484722222222 0.0802083333333 0.144444444444
2 0.511979166667 0.447222222222 0.028125 0.0444444444444
2 0.795833333333 0.478472222222 0.0354166666667 0.0597222222222
2 0.938541666667 0.45625 0.0229166666667 0.0375
1 0.886458333333 0.461805555556 0.0270833333333 0.0375
1 0.915625 0.506944444444 0.0166666666667 0.0222222222222
1 0.759375 0.461805555556 0.0291666666667 0.0402777777778
0 0.71875 0.465972222222 0.0291666666667 0.0458333333333
3 0.9640625 0.461111111111 0.0322916666667 0.0444444444444
1 0.60625 0.460416666667 0.025 0.0347222222222
1 0.544791666667 0.452083333333 0.01875 0.0291666666667
1 0.484375 0.447916666667 0.0229166666667 0.0375
1 0.516666666667 0.409027777778 0.0166666666667 0.0236111111111
1 0.570833333333 0.454861111111 0.0291666666667 0.0430555555556
