2 0.315555555556 0.565217391304 0.0155555555556 0.0316205533597
2 0.553888888889 0.46837944664 0.0144444444444 0.0276679841897
2 0.528333333333 0.400197628458 0.0122222222222 0.0256916996047
2 0.570555555556 0.403162055336 0.0122222222222 0.0276679841897
2 0.581666666667 0.396245059289 0.0122222222222 0.0296442687747
2 0.619444444444 0.403162055336 0.0122222222222 0.0237154150198
3 0.664444444444 0.444664031621 0.0155555555556 0.0316205533597
3 0.693888888889 0.431818181818 0.0144444444444 0.0256916996047
2 0.703333333333 0.387351778656 0.0133333333333 0.0276679841897
2 0.640555555556 0.385375494071 0.0122222222222 0.0276679841897
