1 0.0454545454545 0.723935389134 0.0661157024793 0.0998531571219
1 0.205578512397 0.540381791483 0.0433884297521 0.0763582966226
1 0.302685950413 0.405286343612 0.0309917355372 0.0587371512482
1 0.451446280992 0.237885462555 0.0123966942149 0.0264317180617
1 0.476756198347 0.220264317181 0.0113636363636 0.0234948604993
1 0.441115702479 0.264317180617 0.0165289256198 0.0293685756241
4 0.462809917355 0.235682819383 0.0103305785124 0.0249632892805
2 0.509814049587 0.47503671072 0.0340909090909 0.0543318649046
2 0.597623966942 0.549926578561 0.0361570247934 0.0602055800294
2 0.599173553719 0.484581497797 0.0371900826446 0.0587371512482
2 0.594008264463 0.444199706314 0.0330578512397 0.0396475770925
1 0.592975206612 0.417767988253 0.0289256198347 0.0367107195301
2 0.549070247934 0.301027900147 0.021694214876 0.0293685756241
2 0.559400826446 0.223201174743 0.0134297520661 0.0205580029369
2 0.568181818182 0.190895741557 0.0103305785124 0.014684287812
1 0.571280991736 0.256975036711 0.0144628099174 0.0205580029369
1 0.59194214876 0.236417033774 0.0144628099174 0.0234948604993
