4 0.942307692308 0.485576923077 0.0384615384615 0.0711538461538
4 0.854487179487 0.469230769231 0.0346153846154 0.0615384615385
4 0.762179487179 0.515384615385 0.0576923076923 0.0961538461538
4 0.642948717949 0.452884615385 0.0423076923077 0.0519230769231
4 0.542948717949 0.374038461538 0.0217948717949 0.0365384615385
4 0.45641025641 0.482692307692 0.0461538461538 0.0769230769231
4 0.369230769231 0.449038461538 0.0358974358974 0.0596153846154
4 0.33141025641 0.459615384615 0.0371794871795 0.0653846153846
4 0.242307692308 0.510576923077 0.0487179487179 0.0826923076923
4 0.132051282051 0.442307692308 0.0230769230769 0.0461538461538
4 0.0474358974359 0.540384615385 0.0538461538462 0.0846153846154
