3 0.312857142857 0.428052325581 0.120952380952 0.234011627907
3 0.748095238095 0.207122093023 0.141904761905 0.234011627907
1 0.428095238095 0.11773255814 0.0238095238095 0.0377906976744
2 0.07 0.278343023256 0.012380952381 0.0247093023256
2 0.0395238095238 0.262354651163 0.0104761904762 0.0218023255814
3 0.0438095238095 0.327034883721 0.0190476190476 0.0290697674419
0 0.0604761904762 0.267441860465 0.0104761904762 0.0203488372093
1 0.12380952381 0.241279069767 0.0209523809524 0.0348837209302
3 0.225238095238 0.202034883721 0.0257142857143 0.046511627907
3 0.180952380952 0.220203488372 0.00952380952381 0.015988372093
