4 0.816847826087 0.385736196319 0.0336956521739 0.0506134969325
4 0.769565217391 0.401073619632 0.0347826086957 0.0567484662577
4 0.750543478261 0.384969325153 0.0184782608696 0.0337423312883
4 0.691304347826 0.404141104294 0.0326086956522 0.0567484662577
4 0.642934782609 0.391871165644 0.0228260869565 0.0383435582822
3 0.578804347826 0.437883435583 0.0336956521739 0.0352760736196
3 0.549456521739 0.378834355828 0.0271739130435 0.0460122699387
3 0.517934782609 0.467024539877 0.025 0.0414110429448
3 0.490217391304 0.476226993865 0.0217391304348 0.0352760736196
3 0.444565217391 0.396472392638 0.0195652173913 0.0322085889571
4 0.413043478261 0.405674846626 0.0195652173913 0.0322085889571
3 0.332065217391 0.388803680982 0.0141304347826 0.0230061349693
4 0.357065217391 0.442484662577 0.020652173913 0.0352760736196
3 0.324456521739 0.438650306748 0.025 0.0368098159509
3 0.235326086957 0.526840490798 0.025 0.0414110429448
4 0.186956521739 0.423312883436 0.0239130434783 0.0398773006135
