0 0.908333333333 0.243735763098 0.05 0.0956719817768
0 0.782051282051 0.379271070615 0.0333333333333 0.0478359908884
0 0.666666666667 0.376993166287 0.0333333333333 0.0660592255125
0 0.632051282051 0.375854214123 0.0358974358974 0.0637813211845
3 0.717307692308 0.389521640091 0.0346153846154 0.0637813211845
0 0.240384615385 0.402050113895 0.0551282051282 0.111617312073
0 0.203205128205 0.463553530752 0.0448717948718 0.0706150341686
0 0.353205128205 0.445330296128 0.0628205128205 0.125284738041
1 0.0641025641026 0.52277904328 0.0692307692308 0.138952164009
0 0.166666666667 0.523917995444 0.0333333333333 0.0592255125285
0 0.173076923077 0.4715261959 0.0282051282051 0.0501138952164
0 0.0634615384615 0.334851936219 0.0346153846154 0.0728929384966
4 0.471153846154 0.371298405467 0.0423076923077 0.0956719817768
0 0.549358974359 0.364464692483 0.0448717948718 0.0865603644647
0 0.585897435897 0.388382687927 0.025641025641 0.0523917995444
