1 0.690555555556 0.383703703704 0.0388888888889 0.0503703703704
1 0.641666666667 0.351851851852 0.0255555555556 0.037037037037
1 0.555555555556 0.302962962963 0.0155555555556 0.0251851851852
1 0.572777777778 0.32962962963 0.0122222222222 0.0251851851852
0 0.768333333333 0.336296296296 0.0255555555556 0.0414814814815
1 0.0905555555556 0.354074074074 0.0166666666667 0.0237037037037
1 0.226111111111 0.339259259259 0.0144444444444 0.0207407407407
1 0.242222222222 0.358518518519 0.0266666666667 0.0385185185185
1 0.327222222222 0.342222222222 0.0277777777778 0.0474074074074
2 0.275555555556 0.324444444444 0.0133333333333 0.0207407407407
1 0.381111111111 0.337777777778 0.00888888888889 0.0148148148148
