2 0.31935483871 0.699468085106 0.0354838709677 0.063829787234
1 0.832258064516 0.811170212766 0.0258064516129 0.0531914893617
1 0.89435483871 0.670212765957 0.0274193548387 0.0531914893617
1 0.727419354839 0.667553191489 0.0225806451613 0.0372340425532
1 0.675 0.607712765957 0.0177419354839 0.0345744680851
1 0.612903225806 0.732712765957 0.0322580645161 0.061170212766
1 0.547580645161 0.742021276596 0.0274193548387 0.0585106382979
0 0.397580645161 0.666223404255 0.0241935483871 0.0505319148936
0 0.441129032258 0.662234042553 0.0241935483871 0.0531914893617
0 0.487096774194 0.655585106383 0.0225806451613 0.0505319148936
0 0.541935483871 0.625 0.0193548387097 0.0425531914894
