1 0.7744140625 0.506535947712 0.0234375 0.0352941176471
2 0.67431640625 0.511111111111 0.0185546875 0.0287581699346
2 0.2080078125 0.401307189542 0.017578125 0.0235294117647
1 0.2685546875 0.497385620915 0.021484375 0.0326797385621
2 0.3037109375 0.504575163399 0.017578125 0.0261437908497
4 0.33837890625 0.509150326797 0.0166015625 0.0248366013072
1 0.3701171875 0.508496732026 0.015625 0.0261437908497
4 0.4033203125 0.512418300654 0.017578125 0.0235294117647
3 0.42431640625 0.499346405229 0.0166015625 0.0261437908497
1 0.4814453125 0.511111111111 0.017578125 0.0261437908497
3 0.53759765625 0.503921568627 0.0224609375 0.0352941176471
3 0.58984375 0.5 0.017578125 0.0274509803922
