4 0.753591954023 0.260204081633 0.0359195402299 0.0765306122449
2 0.872126436782 0.270408163265 0.0229885057471 0.0408163265306
2 0.58908045977 0.408163265306 0.0344827586207 0.0765306122449
2 0.512931034483 0.414540816327 0.0287356321839 0.0586734693878
4 0.461925287356 0.385204081633 0.0416666666667 0.0867346938776
4 0.32974137931 0.422193877551 0.0272988505747 0.0484693877551
4 0.295977011494 0.43112244898 0.0229885057471 0.0459183673469
1 0.353448275862 0.385204081633 0.0229885057471 0.0459183673469
2 0.372844827586 0.383928571429 0.0129310344828 0.0280612244898
4 0.158045977011 0.455357142857 0.0201149425287 0.0433673469388
4 0.119971264368 0.456632653061 0.0186781609195 0.0357142857143
2 0.0826149425287 0.454081632653 0.0186781609195 0.0408163265306
4 0.178879310345 0.43112244898 0.0129310344828 0.0255102040816
0 0.239942528736 0.446428571429 0.0201149425287 0.0408163265306
