1 0.210327455919 0.603773584906 0.0176322418136 0.0283018867925
1 0.262804366079 0.609080188679 0.0151133501259 0.0271226415094
1 0.312762384551 0.606721698113 0.0142737195634 0.0271226415094
1 0.421914357683 0.614976415094 0.0142737195634 0.0224056603774
1 0.844248530647 0.677476415094 0.0260285474391 0.0389150943396
1 0.577665827036 0.627358490566 0.0100755667506 0.0165094339623
4 0.539042821159 0.540094339623 0.0100755667506 0.0188679245283
4 0.650713685978 0.518278301887 0.0117548278757 0.0153301886792
4 0.676742233417 0.505896226415 0.00839630562552 0.0117924528302
4 0.869437447523 0.621462264151 0.0142737195634 0.0259433962264
