0 0.854032258065 0.0718309859155 0.0403225806452 0.0929577464789
0 0.812096774194 0.123943661972 0.0241935483871 0.0507042253521
0 0.773387096774 0.111267605634 0.0467741935484 0.0704225352113
0 0.714516129032 0.122535211268 0.0193548387097 0.0422535211268
0 0.585483870968 0.139436619718 0.0354838709677 0.0647887323944
0 0.55 0.139436619718 0.0290322580645 0.0535211267606
4 0.496774193548 0.115492957746 0.0322580645161 0.056338028169
2 0.453225806452 0.146478873239 0.0258064516129 0.0450704225352
0 0.362903225806 0.122535211268 0.0290322580645 0.0535211267606
1 0.668548387097 0.115492957746 0.0403225806452 0.0732394366197
