2 0.791666666667 0.367283950617 0.0444444444444 0.0753086419753
2 0.686574074074 0.359259259259 0.0398148148148 0.0617283950617
2 0.620833333333 0.414814814815 0.037962962963 0.0666666666667
2 0.570833333333 0.391358024691 0.0342592592593 0.0641975308642
2 0.528240740741 0.425308641975 0.0361111111111 0.0679012345679
2 0.494907407407 0.409259259259 0.0324074074074 0.0604938271605
2 0.452777777778 0.421604938272 0.037037037037 0.0654320987654
2 0.352314814815 0.403086419753 0.037962962963 0.062962962963
2 0.247685185185 0.465432098765 0.037962962963 0.0716049382716
2 0.165277777778 0.416666666667 0.0398148148148 0.0679012345679
2 0.0949074074074 0.496296296296 0.0416666666667 0.0666666666667
