1 0.415277777778 0.42027972028 0.0268518518519 0.0461538461538
1 0.451388888889 0.409090909091 0.0231481481481 0.0377622377622
1 0.519907407407 0.39020979021 0.0175925925926 0.0335664335664
3 0.434722222222 0.395104895105 0.0231481481481 0.034965034965
4 0.482407407407 0.269230769231 0.0240740740741 0.0405594405594
1 0.523611111111 0.281118881119 0.012037037037 0.0195804195804
1 0.541203703704 0.295804195804 0.0138888888889 0.0237762237762
4 0.322685185185 0.20979020979 0.0231481481481 0.041958041958
4 0.790277777778 0.12027972028 0.0361111111111 0.0699300699301
4 0.675462962963 0.174825174825 0.0194444444444 0.0335664335664
