4 0.909638554217 0.516071428571 0.0361445783133 0.075
4 0.866465863454 0.41875 0.0240963855422 0.0553571428571
4 0.840361445783 0.372321428571 0.0341365461847 0.0732142857143
4 0.795180722892 0.391964285714 0.0301204819277 0.0625
4 0.75 0.380357142857 0.0421686746988 0.0785714285714
4 0.60140562249 0.395535714286 0.0261044176707 0.0517857142857
4 0.459337349398 0.400892857143 0.0271084337349 0.0517857142857
4 0.339859437751 0.374107142857 0.0190763052209 0.0375
4 0.229919678715 0.397321428571 0.0240963855422 0.0517857142857
4 0.208333333333 0.395535714286 0.0190763052209 0.0410714285714
4 0.162148594378 0.401785714286 0.0210843373494 0.0392857142857
4 0.124497991968 0.390178571429 0.0261044176707 0.0410714285714
4 0.407630522088 0.390178571429 0.0160642570281 0.0339285714286
