1 0.1078125 0.118935837246 0.0453125 0.0485133020344
1 0.191796875 0.0974178403756 0.04140625 0.0492957746479
1 0.32265625 0.117762128326 0.015625 0.0179968701095
1 0.35078125 0.116588419405 0.0171875 0.0203442879499
1 0.370703125 0.0739436619718 0.01640625 0.0179968701095
1 0.409765625 0.0817683881064 0.01640625 0.0211267605634
3 0.4515625 0.0915492957746 0.0140625 0.018779342723
1 0.8828125 0.120892018779 0.059375 0.0696400625978
0 0.7859375 0.122848200313 0.0265625 0.0485133020344
4 0.659765625 0.100547730829 0.03828125 0.0446009389671
1 0.7390625 0.358372456964 0.0890625 0.0625978090767
1 0.352734375 0.544600938967 0.01171875 0.0125195618153
3 0.3125 0.526604068858 0.0109375 0.0125195618153
1 0.417578125 0.529342723005 0.01015625 0.00860719874804
1 0.253515625 0.773082942097 0.03046875 0.0312989045383
1 0.320703125 0.747261345853 0.03671875 0.0500782472613
0 0.302734375 0.733959311424 0.03046875 0.0453834115806
0 0.36640625 0.74882629108 0.065625 0.0829420970266
0 0.16796875 0.778951486698 0.0453125 0.0383411580595
1 0.695703125 0.745305164319 0.01953125 0.0211267605634
1 0.70546875 0.756651017214 0.0265625 0.0250391236307
1 0.71953125 0.783255086072 0.0296875 0.0297339593114
1 0.766015625 0.744131455399 0.02265625 0.0266040688576
1 0.765234375 0.820813771518 0.02578125 0.0297339593114
1 0.793359375 0.709702660407 0.03359375 0.0359937402191
4 0.576171875 0.76917057903 0.01328125 0.0172143974961
4 0.561328125 0.766431924883 0.01484375 0.0164319248826
1 0.75 0.922926447574 0.021875 0.027386541471
3 0.925 0.768779342723 0.0203125 0.0226917057903
4 0.95234375 0.769561815336 0.0140625 0.0164319248826
