4 0.0305 0.423220973783 0.033 0.0449438202247
4 0.01525 0.461048689139 0.0235 0.0516853932584
4 0.0315 0.383520599251 0.028 0.0419475655431
4 0.08475 0.357677902622 0.0165 0.0292134831461
4 0.09125 0.39138576779 0.0305 0.0456928838951
4 0.11375 0.389138576779 0.0145 0.0262172284644
4 0.12725 0.35393258427 0.0145 0.0247191011236
4 0.171 0.378277153558 0.017 0.0284644194757
4 0.149 0.415355805243 0.044 0.0591760299625
4 0.18875 0.475655430712 0.0575 0.0973782771536
4 0.2735 0.438951310861 0.049 0.0779026217228
4 0.1815 0.747940074906 0.146 0.216479400749
4 0.33225 0.686142322097 0.0855 0.143820224719
4 0.425 0.447940074906 0.035 0.0524344569288
4 0.45775 0.449812734082 0.0265 0.0337078651685
4 0.466 0.495131086142 0.042 0.0659176029963
4 0.5095 0.577528089888 0.065 0.107865168539
4 0.59275 0.50074906367 0.0455 0.07265917603
3 0.40275 0.524719101124 0.0635 0.102621722846
3 0.66275 0.483895131086 0.0425 0.0659176029963
2 0.74 0.551685393258 0.057 0.0816479400749
3 0.8885 0.643445692884 0.063 0.101872659176
4 0.6135 0.822846441948 0.104 0.174531835206
4 0.76725 0.62734082397 0.0765 0.12808988764
4 0.81275 0.468164794007 0.0425 0.0614232209738
4 0.92325 0.519475655431 0.0425 0.07265917603
4 0.29 0.361797752809 0.03 0.0479400749064
4 0.368 0.443445692884 0.04 0.0524344569288
