0 0.08125 0.668757841907 0.0291666666667 0.0526976160602
0 0.183333333333 0.644291091593 0.0216666666667 0.038895859473
0 0.402083333333 0.736511919699 0.0391666666667 0.0702634880803
1 0.0425 0.683186951066 0.0366666666667 0.0589711417817
1 0.16875 0.695734002509 0.0275 0.0464240903388
1 0.270833333333 0.694479297365 0.0316666666667 0.0564617314931
1 0.325416666667 0.650564617315 0.0225 0.0363864491844
1 0.309166666667 0.565244667503 0.0166666666667 0.0263488080301
1 0.447916666667 0.712672521957 0.0341666666667 0.0552070263488
1 0.498333333333 0.608531994981 0.0233333333333 0.0376411543287
1 0.540833333333 0.585947302384 0.0183333333333 0.0326223337516
1 0.603333333333 0.563362609787 0.0183333333333 0.0326223337516
1 0.588333333333 0.688833124216 0.035 0.060225846926
1 0.64875 0.673776662484 0.0291666666667 0.0476787954831
1 0.7775 0.724592220828 0.0233333333333 0.0489335006274
1 0.794166666667 0.703262233375 0.0316666666667 0.0639899623588
0 0.924166666667 0.668757841907 0.0366666666667 0.0677540777917
