1 0.924787133396 0.462799495586 0.0160832544939 0.0226986128625
1 0.812204351939 0.407944514502 0.0179754020814 0.031525851198
1 0.698675496689 0.336696090794 0.0198675496689 0.0327868852459
1 0.746452223273 0.409836065574 0.0113528855251 0.015132408575
1 0.763008514664 0.412988650694 0.0104068117313 0.0138713745271
1 0.161778618732 0.411727616646 0.0151371807001 0.016393442623
1 0.223273415326 0.459016393443 0.0208136234626 0.0277427490542
1 0.285241248817 0.407944514502 0.00662251655629 0.0113493064313
0 0.182119205298 0.416771752837 0.0141911069063 0.016393442623
1 0.432355723746 0.516393442623 0.0132450331126 0.0189155107188
1 0.453642384106 0.529634300126 0.0122989593188 0.0201765447667
1 0.508041627247 0.515132408575 0.0113528855251 0.016393442623
1 0.527909176916 0.395334174023 0.00567644276254 0.0113493064313
1 0.586565752129 0.394073139975 0.00756859035005 0.0113493064313
3 0.344370860927 0.50630517024 0.0151371807001 0.0189155107188
