2 0.533636363636 0.397896039604 0.0418181818182 0.0631188118812
1 0.162727272727 0.719678217822 0.04 0.0606435643564
1 0.615909090909 0.556311881188 0.0336363636364 0.0532178217822
1 0.694545454545 0.478341584158 0.04 0.0631188118812
1 0.887272727273 0.469059405941 0.04 0.0594059405941
1 0.955 0.52103960396 0.0427272727273 0.0618811881188
1 0.829545454545 0.339108910891 0.0372727272727 0.0618811881188
1 0.838181818182 0.285891089109 0.0381818181818 0.0544554455446
1 0.951363636364 0.303217821782 0.0409090909091 0.0594059405941
4 0.870909090909 0.222153465347 0.0327272727273 0.0631188118812
4 0.905 0.247524752475 0.0336363636364 0.0594059405941
4 0.884545454545 0.363242574257 0.0309090909091 0.0556930693069
4 0.93 0.372524752475 0.0363636363636 0.0544554455446
3 0.912727272727 0.412128712871 0.0381818181818 0.0544554455446
3 0.754545454545 0.726485148515 0.0381818181818 0.0569306930693
1 0.985909090909 0.404084158416 0.0263636363636 0.0730198019802
0 0.983636363636 0.480816831683 0.0309090909091 0.0631188118812
4 0.781818181818 0.414603960396 0.04 0.0569306930693
4 0.714545454545 0.547648514851 0.0381818181818 0.0606435643564
4 0.749545454545 0.802599009901 0.0409090909091 0.0581683168317
4 0.544090909091 0.582301980198 0.03 0.0532178217822
4 0.637272727273 0.38551980198 0.0345454545455 0.0556930693069
4 0.432727272727 0.376237623762 0.0290909090909 0.0445544554455
4 0.435909090909 0.295792079208 0.0318181818182 0.0544554455446
4 0.390454545455 0.272277227723 0.03 0.0544554455446
4 0.340909090909 0.425742574257 0.0327272727273 0.0519801980198
4 0.228181818182 0.485767326733 0.04 0.0556930693069
4 0.113636363636 0.104579207921 0.0345454545455 0.0532178217822
4 0.129545454545 0.564356435644 0.0372727272727 0.049504950495
