2 0.778703703704 0.509027777778 0.0314814814815 0.0597222222222
2 0.719444444444 0.517361111111 0.0314814814815 0.0513888888889
2 0.662037037037 0.50625 0.0333333333333 0.0569444444444
2 0.576851851852 0.490277777778 0.0333333333333 0.0527777777778
2 0.489814814815 0.504861111111 0.0296296296296 0.0652777777778
2 0.524537037037 0.438194444444 0.0268518518519 0.0569444444444
2 0.563888888889 0.404861111111 0.0240740740741 0.0513888888889
2 0.610648148148 0.453472222222 0.0305555555556 0.0625
2 0.637037037037 0.410416666667 0.0277777777778 0.0541666666667
2 0.698148148148 0.383333333333 0.0314814814815 0.0555555555556
2 0.722685185185 0.302777777778 0.025 0.0472222222222
2 0.6875 0.309722222222 0.0268518518519 0.0472222222222
2 0.640277777778 0.295138888889 0.025 0.0402777777778
2 0.638425925926 0.336111111111 0.025 0.0416666666667
2 0.589814814815 0.370138888889 0.0240740740741 0.0513888888889
2 0.606018518519 0.309027777778 0.025 0.0486111111111
2 0.589814814815 0.282638888889 0.0203703703704 0.0458333333333
2 0.560185185185 0.307638888889 0.0240740740741 0.0486111111111
2 0.546759259259 0.291666666667 0.0194444444444 0.0388888888889
2 0.527777777778 0.309722222222 0.0240740740741 0.0388888888889
2 0.508796296296 0.338888888889 0.0212962962963 0.0416666666667
2 0.525925925926 0.367361111111 0.0259259259259 0.0541666666667
2 0.486574074074 0.39375 0.0305555555556 0.0569444444444
2 0.489814814815 0.289583333333 0.0240740740741 0.0513888888889
2 0.458333333333 0.336111111111 0.0240740740741 0.0388888888889
2 0.456944444444 0.378472222222 0.0268518518519 0.0486111111111
2 0.446296296296 0.306944444444 0.0222222222222 0.0416666666667
2 0.45 0.463194444444 0.0314814814815 0.0486111111111
2 0.431018518519 0.497916666667 0.0305555555556 0.0569444444444
2 0.421759259259 0.338194444444 0.025 0.0486111111111
2 0.415740740741 0.400694444444 0.0296296296296 0.0513888888889
2 0.399074074074 0.297916666667 0.0240740740741 0.0458333333333
2 0.39537037037 0.373611111111 0.0240740740741 0.0472222222222
2 0.359722222222 0.389583333333 0.025 0.0513888888889
2 0.364351851852 0.4375 0.0305555555556 0.0555555555556
2 0.363425925926 0.489583333333 0.0287037037037 0.0569444444444
2 0.356481481481 0.334027777778 0.0259259259259 0.0458333333333
2 0.3625 0.291666666667 0.0231481481481 0.0361111111111
2 0.336111111111 0.295138888889 0.0240740740741 0.0458333333333
2 0.3125 0.291666666667 0.025 0.0416666666667
2 0.258796296296 0.284027777778 0.025 0.0402777777778
2 0.281481481481 0.338194444444 0.0240740740741 0.0458333333333
2 0.314351851852 0.363194444444 0.0287037037037 0.0541666666667
2 0.280555555556 0.409027777778 0.0277777777778 0.0625
2 0.300462962963 0.494444444444 0.0305555555556 0.0527777777778
2 0.25 0.383333333333 0.0240740740741 0.0472222222222
2 0.225462962963 0.340277777778 0.025 0.0527777777778
2 0.223148148148 0.475 0.0296296296296 0.0527777777778
2 0.197222222222 0.421527777778 0.0277777777778 0.0597222222222
2 0.175925925926 0.396527777778 0.0259259259259 0.0569444444444
2 0.153240740741 0.491666666667 0.0342592592593 0.0527777777778
