1 0.150887573964 0.653301886792 0.042899408284 0.0575471698113
1 0.282544378698 0.654716981132 0.0369822485207 0.0528301886792
1 0.363905325444 0.665566037736 0.0369822485207 0.0481132075472
1 0.585428994083 0.683490566038 0.0421597633136 0.0518867924528
1 0.180843195266 0.241037735849 0.0347633136095 0.0481132075472
1 0.215606508876 0.374528301887 0.0347633136095 0.0471698113208
1 0.156804733728 0.415566037736 0.0310650887574 0.0462264150943
1 0.430843195266 0.545283018868 0.030325443787 0.0490566037736
1 0.470414201183 0.510377358491 0.0281065088757 0.0433962264151
1 0.528476331361 0.524528301887 0.0318047337278 0.0471698113208
1 0.568417159763 0.572641509434 0.030325443787 0.0452830188679
1 0.600961538462 0.503773584906 0.0318047337278 0.0471698113208
1 0.62426035503 0.550471698113 0.0310650887574 0.0424528301887
1 0.661612426036 0.601886792453 0.0288461538462 0.0471698113208
1 0.697115384615 0.627830188679 0.0273668639053 0.0443396226415
1 0.683431952663 0.545283018868 0.0340236686391 0.0471698113208
1 0.478550295858 0.278773584906 0.0281065088757 0.0462264150943
3 0.490384615385 0.433962264151 0.0355029585799 0.0490566037736
4 0.543639053254 0.222169811321 0.0295857988166 0.0481132075472
3 0.485576923077 0.693396226415 0.0362426035503 0.0528301886792
1 0.896449704142 0.686320754717 0.0325443786982 0.0481132075472
1 0.897189349112 0.807075471698 0.0340236686391 0.0424528301887
3 0.945266272189 0.750943396226 0.0325443786982 0.0452830188679
