4 0.973880597015 0.70474137931 0.0167910447761 0.0272988505747
4 0.938432835821 0.738505747126 0.0149253731343 0.0287356321839
4 0.904384328358 0.707614942529 0.0158582089552 0.0301724137931
1 0.872667910448 0.67816091954 0.0158582089552 0.0287356321839
4 0.841884328358 0.743534482759 0.0158582089552 0.0272988505747
4 0.837220149254 0.683908045977 0.0158582089552 0.0258620689655
3 0.810634328358 0.714798850575 0.0167910447761 0.0301724137931
4 0.784048507463 0.716954022989 0.0139925373134 0.0287356321839
4 0.765858208955 0.698994252874 0.0130597014925 0.0244252873563
4 0.746268656716 0.744971264368 0.0149253731343 0.0244252873563
4 0.729944029851 0.686063218391 0.0139925373134 0.0272988505747
4 0.712686567164 0.715517241379 0.0149253731343 0.0287356321839
4 0.692630597015 0.683908045977 0.0139925373134 0.0258620689655
4 0.654384328358 0.665229885057 0.017723880597 0.0287356321839
4 0.618936567164 0.709770114943 0.0139925373134 0.0287356321839
4 0.602611940299 0.676724137931 0.0167910447761 0.0287356321839
4 0.615205223881 0.605603448276 0.0158582089552 0.0301724137931
4 0.585820895522 0.587643678161 0.0167910447761 0.0287356321839
4 0.581623134328 0.71408045977 0.0139925373134 0.0287356321839
4 0.547108208955 0.708333333333 0.0158582089552 0.0258620689655
4 0.515858208955 0.716954022989 0.0149253731343 0.0258620689655
4 0.497667910448 0.656609195402 0.0158582089552 0.0287356321839
4 0.484141791045 0.701149425287 0.0167910447761 0.0258620689655
4 0.462220149254 0.688218390805 0.0139925373134 0.0287356321839
4 0.387593283582 0.618534482759 0.0158582089552 0.0272988505747
4 0.426305970149 0.624281609195 0.0130597014925 0.0244252873563
4 0.428638059701 0.667385057471 0.0139925373134 0.0244252873563
4 0.415111940299 0.70617816092 0.0130597014925 0.0244252873563
3 0.455690298507 0.722701149425 0.0158582089552 0.0287356321839
4 0.320895522388 0.648706896552 0.0149253731343 0.0244252873563
4 0.315298507463 0.500718390805 0.0149253731343 0.0272988505747
4 0.319496268657 0.454022988506 0.0139925373134 0.0258620689655
4 0.290111940299 0.557471264368 0.0167910447761 0.0287356321839
4 0.299440298507 0.650862068966 0.0167910447761 0.0287356321839
1 0.308302238806 0.742097701149 0.0195895522388 0.0330459770115
1 0.35401119403 0.747844827586 0.0195895522388 0.0330459770115
1 0.399720149254 0.566091954023 0.0158582089552 0.0287356321839
4 0.102611940299 0.678879310345 0.0149253731343 0.0244252873563
4 0.139925373134 0.66882183908 0.0149253731343 0.0244252873563
4 0.122201492537 0.635057471264 0.0130597014925 0.0229885057471
4 0.175839552239 0.688936781609 0.0121268656716 0.0244252873563
3 0.232276119403 0.721264367816 0.0186567164179 0.0287356321839
3 0.183302238806 0.625 0.0139925373134 0.0287356321839
4 0.169309701493 0.578304597701 0.0121268656716 0.0244252873563
4 0.198694029851 0.492097701149 0.0149253731343 0.0272988505747
4 0.21828358209 0.525143678161 0.0167910447761 0.0272988505747
4 0.254197761194 0.506465517241 0.0158582089552 0.0244252873563
4 0.212686567164 0.382183908046 0.0149253731343 0.0258620689655
4 0.173041044776 0.387212643678 0.0158582089552 0.0244252873563
4 0.0909514925373 0.288793103448 0.0139925373134 0.0229885057471
2 0.244869402985 0.378591954023 0.017723880597 0.0330459770115
3 0.0541044776119 0.688218390805 0.0186567164179 0.0287356321839
4 0.0233208955224 0.617816091954 0.0186567164179 0.0316091954023
