1 0.116666666667 0.247487437186 0.0796296296296 0.120603015075
1 0.152314814815 0.400125628141 0.0175925925926 0.0238693467337
2 0.235648148148 0.354271356784 0.0212962962963 0.0326633165829
2 0.251851851852 0.464195979899 0.0611111111111 0.0841708542714
2 0.32037037037 0.459170854271 0.0555555555556 0.0866834170854
2 0.301388888889 0.326005025126 0.0472222222222 0.071608040201
2 0.49537037037 0.297738693467 0.0388888888889 0.0753768844221
1 0.628240740741 0.500628140704 0.0638888888889 0.0791457286432
3 0.612962962963 0.390703517588 0.00740740740741 0.0150753768844
1 0.708333333333 0.386934673367 0.012962962963 0.0175879396985
1 0.691666666667 0.42148241206 0.0111111111111 0.0163316582915
1 0.741203703704 0.420854271357 0.0175925925926 0.0251256281407
1 0.748611111111 0.365577889447 0.0194444444444 0.0251256281407
1 0.798611111111 0.445351758794 0.0194444444444 0.0263819095477
2 0.791666666667 0.398869346734 0.00925925925926 0.0138190954774
1 0.809259259259 0.429648241206 0.0166666666667 0.0226130653266
4 0.774074074074 0.383165829146 0.00925925925926 0.0150753768844
4 0.875925925926 0.26256281407 0.0481481481481 0.0778894472362
