3 0.0645833333333 0.464419475655 0.0208333333333 0.0274656679151
3 0.180833333333 0.647315855181 0.0466666666667 0.0686641697878
3 0.19 0.477528089888 0.0283333333333 0.043695380774
3 0.269583333333 0.46379525593 0.0208333333333 0.0337078651685
3 0.746666666667 0.460674157303 0.05 0.0799001248439
3 0.5525 0.497503121099 0.015 0.0312109862672
3 0.52625 0.500624219725 0.0108333333333 0.0174781523096
3 0.579166666667 0.498751560549 0.00833333333333 0.0137328339576
3 0.59375 0.502496878901 0.0075 0.0112359550562
3 0.634583333333 0.5 0.00916666666667 0.0162297128589
3 0.580833333333 0.556803995006 0.015 0.0249687890137
