3 0.153906866614 0.433727810651 0.0410418310971 0.0745562130178
3 0.239147592739 0.476331360947 0.0331491712707 0.0674556213018
3 0.271507498027 0.431360946746 0.0315706393054 0.0650887573964
3 0.335043409629 0.439053254438 0.0292028413575 0.0615384615385
3 0.37134964483 0.443195266272 0.0323599052881 0.0698224852071
3 0.423441199684 0.43550295858 0.0292028413575 0.0591715976331
3 0.542225730071 0.448520710059 0.0284135753749 0.0544378698225
3 0.579715864246 0.448520710059 0.0213101815312 0.0378698224852
3 0.612865035517 0.440828402367 0.0276243093923 0.0532544378698
3 0.670876085241 0.434911242604 0.017363851618 0.0343195266272
3 0.698500394633 0.439053254438 0.0205209155485 0.0402366863905
3 0.724151539069 0.450887573964 0.0292028413575 0.0544378698225
3 0.779794790845 0.446153846154 0.0126282557222 0.0213017751479
3 0.807813733228 0.458579881657 0.0118389897395 0.0248520710059
3 0.824782951855 0.537278106509 0.0584056827151 0.108875739645
2 0.852012628256 0.429585798817 0.0718232044199 0.130177514793
2 0.951065509077 0.438461538462 0.0363062352013 0.0532544378698
1 0.66179952644 0.455621301775 0.0181531176006 0.0331360946746
1 0.486187845304 0.456213017751 0.0189423835833 0.0343195266272
1 0.400157853197 0.456804733728 0.0157853196527 0.0307692307692
