3 0.0806930693069 0.218997361478 0.0306930693069 0.0448548812665
3 0.157920792079 0.228232189974 0.0128712871287 0.0211081794195
3 0.177227722772 0.284300791557 0.0178217821782 0.0224274406332
3 0.29900990099 0.265831134565 0.0158415841584 0.0224274406332
3 0.19504950495 0.213720316623 0.0178217821782 0.023746701847
3 0.414356435644 0.227572559367 0.0168316831683 0.0250659630607
3 0.587623762376 0.218997361478 0.0128712871287 0.0184696569921
3 0.616831683168 0.227572559367 0.0158415841584 0.0224274406332
3 0.65396039604 0.219656992084 0.0128712871287 0.0197889182058
3 0.693564356436 0.23746701847 0.0405940594059 0.0633245382586
