0 0.692708333333 0.264189584552 0.0520833333333 0.0462258630778
0 0.546875 0.25921591574 0.0625 0.0386190754827
0 0.4359375 0.276184903452 0.0510416666667 0.0351082504389
0 0.3890625 0.217378583967 0.0197916666667 0.0134581626682
3 0.398958333333 0.214452896431 0.0166666666667 0.0134581626682
4 0.334895833333 0.215623171445 0.021875 0.0134581626682
0 0.436979166667 0.217671152721 0.0197916666667 0.0128730251609
4 0.473958333333 0.212697483909 0.0229166666667 0.0157987126975
4 0.4984375 0.215038033938 0.0177083333333 0.0169689877121
4 0.513020833333 0.217671152721 0.0177083333333 0.0140433001755
4 0.489583333333 0.194558221182 0.0229166666667 0.0146284376829
4 0.623958333333 0.22322995904 0.0229166666667 0.0157987126975
4 0.639583333333 0.215623171445 0.0104166666667 0.00877706260971
4 0.621354166667 0.208308952604 0.0114583333333 0.0081919251024
4 0.608333333333 0.217671152721 0.0104166666667 0.0081919251024
4 0.592708333333 0.209186658865 0.0125 0.00877706260971
4 0.553645833333 0.218256290228 0.0114583333333 0.0081919251024
4 0.5671875 0.218256290228 0.0114583333333 0.0081919251024
4 0.531770833333 0.21679344646 0.0114583333333 0.00760678759508
0 0.5765625 0.23200702165 0.0177083333333 0.011117612639
4 0.661979166667 0.247513165594 0.015625 0.0105324751317
