4 0.367916666667 0.880810488677 0.0125 0.0214541120381
4 0.422916666667 0.902264600715 0.0141666666667 0.0238379022646
2 0.499166666667 0.867103694875 0.0133333333333 0.0226460071514
4 0.502083333333 0.773539928486 0.00916666666667 0.0166865315852
4 0.477083333333 0.760429082241 0.00916666666667 0.0143027413588
1 0.486666666667 0.766388557807 0.01 0.0166865315852
3 0.550833333333 0.76579261025 0.00833333333333 0.0131108462455
2 0.592083333333 0.722884386174 0.0075 0.0131108462455
1 0.60125 0.752085816448 0.0075 0.0143027413588
4 0.6025 0.7252681764 0.00666666666667 0.0131108462455
4 0.55125 0.713349225268 0.00583333333333 0.0107270560191
1 0.545 0.671036948749 0.00666666666667 0.00953516090584
1 0.5825 0.670441001192 0.00666666666667 0.0107270560191
4 0.404583333333 0.683551847437 0.0075 0.0131108462455
4 0.805833333333 0.77294398093 0.01 0.015494636472
4 0.723333333333 0.923122765197 0.015 0.0226460071514
