3 0.790625 0.959285714286 0.0151785714286 0.0271428571429
3 0.780357142857 0.918571428571 0.0160714285714 0.0257142857143
3 0.769642857143 0.878571428571 0.0125 0.0228571428571
3 0.751339285714 0.838571428571 0.0116071428571 0.0228571428571
3 0.754464285714 0.951428571429 0.0125 0.0257142857143
3 0.725892857143 0.767857142857 0.0125 0.0214285714286
3 0.634375 0.837857142857 0.0133928571429 0.0242857142857
3 0.613839285714 0.916428571429 0.0151785714286 0.0242857142857
3 0.583035714286 0.958571428571 0.0125 0.0257142857143
3 0.662946428571 0.773571428571 0.0116071428571 0.0214285714286
3 0.644196428571 0.774285714286 0.0116071428571 0.0228571428571
4 0.735267857143 0.809285714286 0.0116071428571 0.0157142857143
4 0.717410714286 0.840714285714 0.0116071428571 0.0185714285714
4 0.706696428571 0.802857142857 0.0116071428571 0.02
4 0.683928571429 0.806428571429 0.0107142857143 0.0214285714286
4 0.662053571429 0.84 0.0116071428571 0.02
4 0.654910714286 0.806428571429 0.0116071428571 0.0185714285714
4 0.6375 0.872857142857 0.0125 0.0228571428571
2 0.671875 0.875714285714 0.0151785714286 0.0285714285714
2 0.698660714286 0.878571428571 0.0133928571429 0.0285714285714
2 0.678571428571 0.92 0.0160714285714 0.0257142857143
2 0.652232142857 0.922142857143 0.0133928571429 0.0271428571429
4 0.6875 0.960714285714 0.0142857142857 0.0242857142857
0 0.649553571429 0.957142857143 0.0151785714286 0.0257142857143
2 0.691517857143 0.765714285714 0.0116071428571 0.0228571428571
4 0.575446428571 0.917857142857 0.0116071428571 0.0242857142857
4 0.550446428571 0.920714285714 0.0133928571429 0.0214285714286
2 0.536607142857 0.955 0.0142857142857 0.0271428571429
2 0.542857142857 0.877142857143 0.0125 0.0228571428571
4 0.577678571429 0.843571428571 0.0125 0.0214285714286
4 0.601339285714 0.844285714286 0.0116071428571 0.0228571428571
2 0.589732142857 0.808571428571 0.0133928571429 0.0171428571429
4 0.568303571429 0.812857142857 0.0116071428571 0.02
3 0.532142857143 0.845714285714 0.0125 0.0228571428571
4 0.532142857143 0.809285714286 0.0125 0.0185714285714
4 0.558928571429 0.777142857143 0.0107142857143 0.02
2 0.587053571429 0.778571428571 0.0116071428571 0.0228571428571
2 0.695982142857 0.736428571429 0.0116071428571 0.0214285714286
2 0.684821428571 0.737857142857 0.0107142857143 0.0185714285714
2 0.581696428571 0.740714285714 0.0116071428571 0.0214285714286
3 0.526339285714 0.777857142857 0.0116071428571 0.0214285714286
3 0.526339285714 0.743571428571 0.0116071428571 0.0185714285714
3 0.55625 0.733571428571 0.0107142857143 0.0214285714286
3 0.608035714286 0.747857142857 0.0107142857143 0.0214285714286
3 0.633482142857 0.740714285714 0.0116071428571 0.0214285714286
3 0.659375 0.737142857143 0.0116071428571 0.02
3 0.632589285714 0.707142857143 0.00982142857143 0.0171428571429
3 0.682589285714 0.71 0.0116071428571 0.02
3 0.702232142857 0.706428571429 0.0133928571429 0.0242857142857
3 0.694196428571 0.683571428571 0.00982142857143 0.0185714285714
3 0.665178571429 0.686428571429 0.0107142857143 0.0185714285714
3 0.665178571429 0.667857142857 0.0107142857143 0.0185714285714
3 0.639732142857 0.668571428571 0.00982142857143 0.0171428571429
3 0.600892857143 0.706428571429 0.0107142857143 0.0185714285714
3 0.598660714286 0.69 0.00982142857143 0.0142857142857
3 0.573214285714 0.668571428571 0.0125 0.02
3 0.552232142857 0.692142857143 0.00982142857143 0.0185714285714
3 0.573214285714 0.694285714286 0.0107142857143 0.0171428571429
4 0.575446428571 0.707857142857 0.00982142857143 0.0185714285714
2 0.526785714286 0.696428571429 0.0107142857143 0.0185714285714
3 0.548214285714 0.670714285714 0.0107142857143 0.0157142857143
3 0.595089285714 0.651428571429 0.00982142857143 0.0171428571429
3 0.576339285714 0.648571428571 0.00982142857143 0.0171428571429
3 0.569196428571 0.633571428571 0.00982142857143 0.0157142857143
3 0.544196428571 0.650714285714 0.0116071428571 0.0185714285714
3 0.616964285714 0.652142857143 0.0107142857143 0.0157142857143
2 0.621428571429 0.667857142857 0.0107142857143 0.0185714285714
2 0.688392857143 0.667142857143 0.0107142857143 0.0171428571429
4 0.683035714286 0.649285714286 0.00892857142857 0.0157142857143
4 0.662946428571 0.647142857143 0.00982142857143 0.0171428571429
4 0.640178571429 0.65 0.00892857142857 0.0142857142857
2 0.633928571429 0.632142857143 0.0107142857143 0.0185714285714
2 0.643303571429 0.69 0.0116071428571 0.0171428571429
2 0.646428571429 0.705714285714 0.0107142857143 0.02
4 0.526785714286 0.719285714286 0.0107142857143 0.0214285714286
3 0.523660714286 0.665714285714 0.00982142857143 0.0171428571429
4 0.520089285714 0.631428571429 0.00982142857143 0.0142857142857
4 0.522321428571 0.610714285714 0.00892857142857 0.0157142857143
4 0.541964285714 0.614285714286 0.00892857142857 0.0142857142857
3 0.591964285714 0.632142857143 0.00892857142857 0.0157142857143
3 0.6125 0.627857142857 0.00892857142857 0.0157142857143
3 0.607589285714 0.609285714286 0.00803571428571 0.0157142857143
3 0.629017857143 0.606428571429 0.00982142857143 0.0185714285714
3 0.645982142857 0.608571428571 0.00982142857143 0.0171428571429
3 0.671875 0.606428571429 0.00982142857143 0.0157142857143
3 0.679910714286 0.623571428571 0.00982142857143 0.0185714285714
3 0.653571428571 0.63 0.00892857142857 0.0171428571429
3 0.623660714286 0.584285714286 0.00803571428571 0.0142857142857
3 0.585267857143 0.587857142857 0.00803571428571 0.0157142857143
3 0.564732142857 0.608571428571 0.00982142857143 0.0171428571429
3 0.563392857143 0.589285714286 0.00892857142857 0.0157142857143
2 0.541517857143 0.587857142857 0.00982142857143 0.0157142857143
4 0.523214285714 0.574285714286 0.00714285714286 0.0142857142857
3 0.658928571429 0.57 0.00892857142857 0.0171428571429
4 0.601339285714 0.590714285714 0.00803571428571 0.0157142857143
4 0.646875 0.585 0.00803571428571 0.0157142857143
4 0.660714285714 0.590714285714 0.00892857142857 0.0157142857143
3 0.580803571429 0.575 0.00982142857143 0.0157142857143
3 0.600446428571 0.575 0.00982142857143 0.0157142857143
3 0.617857142857 0.553571428571 0.00892857142857 0.0157142857143
3 0.579464285714 0.557142857143 0.00892857142857 0.0142857142857
3 0.65 0.542142857143 0.00714285714286 0.0157142857143
3 0.629017857143 0.542142857143 0.00803571428571 0.0157142857143
3 0.648660714286 0.527857142857 0.00803571428571 0.0157142857143
3 0.630357142857 0.527857142857 0.00714285714286 0.0128571428571
3 0.6125 0.541428571429 0.00892857142857 0.0142857142857
3 0.610714285714 0.529285714286 0.00892857142857 0.0128571428571
4 0.591964285714 0.558571428571 0.00892857142857 0.0142857142857
3 0.641071428571 0.575 0.00892857142857 0.0157142857143
3 0.545535714286 0.572142857143 0.00892857142857 0.0157142857143
3 0.537946428571 0.539285714286 0.00982142857143 0.0157142857143
3 0.516964285714 0.544285714286 0.00892857142857 0.0142857142857
3 0.574107142857 0.531428571429 0.00892857142857 0.0142857142857
3 0.557142857143 0.526428571429 0.00892857142857 0.0157142857143
3 0.591964285714 0.53 0.00714285714286 0.0142857142857
4 0.6375 0.503571428571 0.00892857142857 0.0157142857143
4 0.625446428571 0.475 0.00803571428571 0.0128571428571
4 0.629464285714 0.487857142857 0.00714285714286 0.0128571428571
3 0.619196428571 0.502857142857 0.00803571428571 0.0142857142857
3 0.610267857143 0.487857142857 0.00625 0.0128571428571
3 0.60625 0.473571428571 0.00892857142857 0.0157142857143
3 0.570535714286 0.475714285714 0.00714285714286 0.0142857142857
4 0.574107142857 0.490714285714 0.00892857142857 0.0157142857143
3 0.588392857143 0.503571428571 0.00714285714286 0.0128571428571
3 0.552232142857 0.505 0.00803571428571 0.0157142857143
3 0.535267857143 0.517857142857 0.00803571428571 0.0157142857143
3 0.518303571429 0.517142857143 0.00803571428571 0.0142857142857
3 0.520535714286 0.487142857143 0.00714285714286 0.0142857142857
3 0.51875 0.476428571429 0.00714285714286 0.0128571428571
4 0.534375 0.475714285714 0.00803571428571 0.0142857142857
3 0.535267857143 0.49 0.00803571428571 0.0142857142857
4 0.553571428571 0.487857142857 0.00714285714286 0.0128571428571
4 0.59375 0.486428571429 0.00714285714286 0.0128571428571
3 0.559375 0.544285714286 0.00803571428571 0.0142857142857
4 0.605803571429 0.505 0.00803571428571 0.0128571428571
3 0.587053571429 0.519285714286 0.00803571428571 0.0128571428571
3 0.477678571429 0.471428571429 0.00714285714286 0.0142857142857
3 0.453571428571 0.477142857143 0.00714285714286 0.0142857142857
3 0.437946428571 0.481428571429 0.00803571428571 0.0142857142857
2 0.450892857143 0.487857142857 0.00714285714286 0.0128571428571
2 0.434375 0.491428571429 0.00803571428571 0.0142857142857
2 0.418303571429 0.492857142857 0.00803571428571 0.0142857142857
2 0.404017857143 0.49 0.00803571428571 0.0142857142857
2 0.358482142857 0.482142857143 0.00803571428571 0.0157142857143
0 0.377232142857 0.480714285714 0.00803571428571 0.0128571428571
0 0.383928571429 0.481428571429 0.00714285714286 0.0142857142857
3 0.388392857143 0.490714285714 0.00714285714286 0.0157142857143
4 0.370535714286 0.492142857143 0.00714285714286 0.0128571428571
4 0.352232142857 0.492142857143 0.00625 0.0128571428571
3 0.367410714286 0.508571428571 0.00803571428571 0.0142857142857
3 0.401785714286 0.505714285714 0.00714285714286 0.0142857142857
3 0.450446428571 0.519285714286 0.00803571428571 0.0128571428571
3 0.451785714286 0.53 0.00714285714286 0.0114285714286
3 0.438392857143 0.515 0.00714285714286 0.0128571428571
3 0.41875 0.505 0.00714285714286 0.0128571428571
3 0.416964285714 0.514285714286 0.00714285714286 0.0114285714286
3 0.415178571429 0.525714285714 0.00714285714286 0.0142857142857
2 0.450892857143 0.541428571429 0.00892857142857 0.0142857142857
2 0.427678571429 0.545 0.00892857142857 0.0157142857143
2 0.448660714286 0.558571428571 0.00803571428571 0.0142857142857
3 0.450446428571 0.571428571429 0.00803571428571 0.0142857142857
3 0.428571428571 0.573571428571 0.00892857142857 0.0157142857143
0 0.427232142857 0.59 0.00803571428571 0.0142857142857
2 0.395089285714 0.547857142857 0.00803571428571 0.0157142857143
3 0.411160714286 0.559285714286 0.00803571428571 0.0128571428571
4 0.408928571429 0.571428571429 0.00714285714286 0.0114285714286
2 0.405803571429 0.588571428571 0.00803571428571 0.0171428571429
2 0.449553571429 0.610714285714 0.00803571428571 0.0157142857143
0 0.429910714286 0.611428571429 0.00803571428571 0.0142857142857
2 0.403571428571 0.609285714286 0.00892857142857 0.0157142857143
3 0.304464285714 0.478571428571 0.00714285714286 0.0142857142857
3 0.359375 0.53 0.00803571428571 0.0142857142857
3 0.378125 0.530714285714 0.00803571428571 0.0157142857143
2 0.380803571429 0.515 0.00803571428571 0.0157142857143
3 0.330803571429 0.507857142857 0.00803571428571 0.0128571428571
2 0.328125 0.518571428571 0.00803571428571 0.0142857142857
2 0.324107142857 0.532142857143 0.00892857142857 0.0157142857143
2 0.343303571429 0.529285714286 0.00803571428571 0.0157142857143
4 0.35625 0.545 0.00714285714286 0.0128571428571
3 0.339732142857 0.549285714286 0.00803571428571 0.0128571428571
3 0.318303571429 0.549285714286 0.00803571428571 0.0128571428571
3 0.354910714286 0.559285714286 0.00803571428571 0.0157142857143
3 0.346875 0.519285714286 0.00803571428571 0.0128571428571
3 0.372767857143 0.557857142857 0.00803571428571 0.0128571428571
3 0.369196428571 0.570714285714 0.00803571428571 0.0157142857143
3 0.362946428571 0.588571428571 0.00803571428571 0.0142857142857
3 0.351785714286 0.575 0.00892857142857 0.0128571428571
3 0.350892857143 0.588571428571 0.00892857142857 0.0171428571429
2 0.326785714286 0.572857142857 0.00892857142857 0.0142857142857
4 0.312053571429 0.560714285714 0.00803571428571 0.0157142857143
3 0.309375 0.576428571429 0.00803571428571 0.0157142857143
3 0.303125 0.589285714286 0.00982142857143 0.0157142857143
3 0.316071428571 0.609285714286 0.00892857142857 0.0157142857143
3 0.325 0.589285714286 0.00892857142857 0.0157142857143
3 0.342410714286 0.606428571429 0.00982142857143 0.0157142857143
3 0.352678571429 0.622857142857 0.0107142857143 0.0171428571429
3 0.389732142857 0.560714285714 0.00803571428571 0.0128571428571
1 0.386607142857 0.572142857143 0.00892857142857 0.0157142857143
2 0.382142857143 0.613571428571 0.00892857142857 0.0157142857143
4 0.38125 0.632857142857 0.00714285714286 0.0142857142857
3 0.336607142857 0.625714285714 0.00892857142857 0.0171428571429
3 0.296875 0.610714285714 0.00982142857143 0.0157142857143
3 0.287946428571 0.62 0.00982142857143 0.0171428571429
3 0.30625 0.625 0.00892857142857 0.0157142857143
3 0.306696428571 0.64 0.0116071428571 0.0171428571429
3 0.287053571429 0.639285714286 0.0116071428571 0.0185714285714
3 0.340178571429 0.656428571429 0.0107142857143 0.0185714285714
3 0.427232142857 0.635 0.00982142857143 0.0185714285714
3 0.452232142857 0.633571428571 0.00982142857143 0.0185714285714
3 0.438392857143 0.660714285714 0.0107142857143 0.0185714285714
3 0.419196428571 0.651428571429 0.00982142857143 0.0171428571429
3 0.416964285714 0.670714285714 0.0107142857143 0.0157142857143
3 0.414285714286 0.689285714286 0.0107142857143 0.0185714285714
2 0.434821428571 0.69 0.0107142857143 0.0171428571429
3 0.439732142857 0.71 0.0116071428571 0.02
3 0.437053571429 0.737142857143 0.0133928571429 0.0228571428571
3 0.409821428571 0.735714285714 0.0125 0.02
3 0.383928571429 0.738571428571 0.0107142857143 0.02
3 0.363839285714 0.695714285714 0.00982142857143 0.0171428571429
3 0.3625 0.715 0.00892857142857 0.0185714285714
3 0.342857142857 0.694285714286 0.0107142857143 0.02
4 0.406696428571 0.626428571429 0.00982142857143 0.0157142857143
4 0.396428571429 0.647857142857 0.00892857142857 0.0157142857143
4 0.373214285714 0.65 0.00892857142857 0.0142857142857
4 0.361160714286 0.650714285714 0.00982142857143 0.0157142857143
4 0.371875 0.670714285714 0.00982142857143 0.0185714285714
4 0.353125 0.671428571429 0.00982142857143 0.0171428571429
4 0.391517857143 0.695714285714 0.0116071428571 0.02
4 0.390178571429 0.667857142857 0.0107142857143 0.0185714285714
4 0.410714285714 0.707142857143 0.0107142857143 0.0171428571429
4 0.388392857143 0.716428571429 0.0107142857143 0.0185714285714
3 0.333035714286 0.718571428571 0.0125 0.02
3 0.329910714286 0.741428571429 0.0116071428571 0.02
3 0.358482142857 0.742142857143 0.0116071428571 0.0185714285714
3 0.346428571429 0.770714285714 0.0125 0.0214285714286
3 0.375446428571 0.773571428571 0.0133928571429 0.0214285714286
2 0.406696428571 0.78 0.0116071428571 0.02
3 0.321428571429 0.773571428571 0.0125 0.0214285714286
3 0.294196428571 0.772142857143 0.0116071428571 0.0185714285714
3 0.285714285714 0.661428571429 0.00892857142857 0.0171428571429
3 0.275446428571 0.664285714286 0.00982142857143 0.0171428571429
3 0.269642857143 0.679285714286 0.0107142857143 0.0185714285714
3 0.270089285714 0.705714285714 0.0116071428571 0.02
3 0.288392857143 0.716428571429 0.0107142857143 0.0185714285714
4 0.292410714286 0.699285714286 0.00982142857143 0.0157142857143
4 0.3 0.661428571429 0.0107142857143 0.0171428571429
4 0.320089285714 0.660714285714 0.00982142857143 0.0185714285714
4 0.279910714286 0.747857142857 0.00982142857143 0.0185714285714
2 0.256696428571 0.727142857143 0.00982142857143 0.02
4 0.249107142857 0.748571428571 0.0107142857143 0.02
3 0.236160714286 0.776428571429 0.00982142857143 0.0185714285714
3 0.266071428571 0.776428571429 0.0107142857143 0.0214285714286
3 0.247767857143 0.81 0.0133928571429 0.0228571428571
3 0.225892857143 0.808571428571 0.0125 0.02
3 0.216964285714 0.836428571429 0.0125 0.0242857142857
3 0.244196428571 0.842857142857 0.0116071428571 0.0228571428571
3 0.260714285714 0.872857142857 0.0142857142857 0.0228571428571
3 0.287053571429 0.808571428571 0.0116071428571 0.02
3 0.298660714286 0.835 0.0116071428571 0.0242857142857
3 0.339285714286 0.828571428571 0.0125 0.0228571428571
3 0.329017857143 0.874285714286 0.0116071428571 0.0257142857143
3 0.29375 0.880714285714 0.0142857142857 0.0242857142857
3 0.301339285714 0.913571428571 0.0133928571429 0.0242857142857
3 0.226339285714 0.923571428571 0.0151785714286 0.0242857142857
3 0.392410714286 0.865 0.0133928571429 0.0242857142857
3 0.359375 0.914285714286 0.0151785714286 0.0257142857143
3 0.391964285714 0.919285714286 0.0125 0.0242857142857
3 0.307142857143 0.959285714286 0.0142857142857 0.0271428571429
4 0.320089285714 0.917142857143 0.0116071428571 0.0228571428571
2 0.260714285714 0.920714285714 0.0142857142857 0.0271428571429
2 0.344642857143 0.961428571429 0.0142857142857 0.0285714285714
4 0.279017857143 0.958571428571 0.0151785714286 0.0257142857143
4 0.199553571429 0.915714285714 0.0133928571429 0.0257142857143
4 0.210714285714 0.961428571429 0.0142857142857 0.0257142857143
2 0.267410714286 0.831428571429 0.0133928571429 0.0228571428571
2 0.3125 0.811428571429 0.0125 0.02
2 0.346428571429 0.8 0.0125 0.0228571428571
2 0.405803571429 0.807142857143 0.0116071428571 0.02
4 0.404464285714 0.836428571429 0.0125 0.0214285714286
4 0.366517857143 0.835714285714 0.00982142857143 0.02
4 0.3625 0.876428571429 0.0125 0.0242857142857
3 0.0227678571429 0.855714285714 0.0151785714286 0.0257142857143
4 0.174107142857 0.957857142857 0.0125 0.0242857142857
2 0.428571428571 0.806428571429 0.0107142857143 0.0214285714286
3 0.439732142857 0.773571428571 0.0116071428571 0.0185714285714
3 0.429910714286 0.842857142857 0.0116071428571 0.0228571428571
3 0.425892857143 0.877142857143 0.0125 0.0257142857143
3 0.422321428571 0.922857142857 0.0125 0.0257142857143
2 0.417410714286 0.954285714286 0.0133928571429 0.0257142857143
4 0.385714285714 0.962142857143 0.0142857142857 0.0242857142857
2 0.156696428571 0.987142857143 0.0169642857143 0.0228571428571
4 0.0504464285714 0.81 0.0133928571429 0.0228571428571
4 0.334821428571 0.668571428571 0.00892857142857 0.0142857142857
4 0.219196428571 0.502142857143 0.00803571428571 0.0157142857143
3 0.270089285714 0.428571428571 0.00803571428571 0.0142857142857
3 0.258928571429 0.427857142857 0.00714285714286 0.0128571428571
2 0.130803571429 0.444285714286 0.00803571428571 0.0142857142857
