1 0.725892857143 0.493386243386 0.0553571428571 0.108465608466
1 0.596428571429 0.521164021164 0.0785714285714 0.142857142857
1 0.396428571429 0.715608465608 0.0642857142857 0.103174603175
1 0.509821428571 0.936507936508 0.101785714286 0.121693121693
1 0.305357142857 0.329365079365 0.0178571428571 0.0291005291005
1 0.341964285714 0.337301587302 0.0232142857143 0.0396825396825
1 0.342857142857 0.465608465608 0.025 0.042328042328
1 0.215178571429 0.354497354497 0.0196428571429 0.026455026455
1 0.233928571429 0.452380952381 0.025 0.042328042328
1 0.210714285714 0.455026455026 0.0178571428571 0.031746031746
1 0.186607142857 0.455026455026 0.0160714285714 0.031746031746
