3 0.4225 0.188125 0.0216666666667 0.02125
3 0.444166666667 0.27875 0.0283333333333 0.02
3 0.418333333333 0.399375 0.03 0.02625
1 0.414166666667 0.6225 0.0316666666667 0.0275
1 0.418333333333 0.795625 0.106666666667 0.09625
1 0.666666666667 0.70875 0.0466666666667 0.05
1 0.7325 0.719375 0.0383333333333 0.04125
1 0.7875 0.71 0.0316666666667 0.045
1 0.819166666667 0.714375 0.0483333333333 0.05125
3 0.625 0.7175 0.04 0.04
3 0.585 0.725625 0.04 0.03625
4 0.1425 0.845 0.0916666666667 0.08
1 0.9475 0.85125 0.101666666667 0.155
