1 0.508333333333 0.383647798742 0.0466666666667 0.085534591195
1 0.612083333333 0.374842767296 0.0475 0.0779874213836
0 0.475 0.639622641509 0.0666666666667 0.109433962264
0 0.394583333333 0.311320754717 0.0525 0.0943396226415
0 0.340833333333 0.222641509434 0.0383333333333 0.0754716981132
3 0.50625 0.314465408805 0.0358333333333 0.062893081761
3 0.265 0.233962264151 0.035 0.0805031446541
3 0.16 0.433962264151 0.095 0.158490566038
3 0.733333333333 0.591823899371 0.08 0.109433962264
3 0.801666666667 0.813836477987 0.0583333333333 0.11320754717
