4 0.748820754717 0.777992277992 0.0141509433962 0.027027027027
3 0.408608490566 0.42277992278 0.0129716981132 0.027027027027
3 0.198113207547 0.438223938224 0.0141509433962 0.027027027027
3 0.303066037736 0.328185328185 0.0141509433962 0.027027027027
3 0.32429245283 0.281853281853 0.0141509433962 0.027027027027
1 0.264150943396 0.332046332046 0.0165094339623 0.027027027027
1 0.242924528302 0.34749034749 0.0141509433962 0.027027027027
4 0.240566037736 0.285714285714 0.0117924528302 0.023166023166
3 0.462264150943 0.264478764479 0.0141509433962 0.027027027027
1 0.347877358491 0.267374517375 0.0141509433962 0.0250965250965
1 0.340212264151 0.249034749035 0.0153301886792 0.027027027027
1 0.354363207547 0.221042471042 0.0129716981132 0.0250965250965
1 0.334905660377 0.212355212355 0.0141509433962 0.023166023166
3 0.341981132075 0.168918918919 0.0117924528302 0.0212355212355
0 0.328419811321 0.142857142857 0.0129716981132 0.023166023166
4 0.389150943396 0.138030888031 0.0117924528302 0.0212355212355
4 0.454599056604 0.0492277992278 0.0106132075472 0.0212355212355
4 0.477004716981 0.0772200772201 0.0129716981132 0.023166023166
4 0.500589622642 0.0357142857143 0.0129716981132 0.0212355212355
4 0.423349056604 0.0164092664093 0.0117924528302 0.0212355212355
4 0.340801886792 0.108108108108 0.0141509433962 0.023166023166
4 0.383254716981 0.111003861004 0.0117924528302 0.0212355212355
