1 0.08875 0.341463414634 0.025 0.0412757973734
1 0.1621875 0.358818011257 0.021875 0.0384615384615
1 0.3509375 0.418855534709 0.023125 0.0365853658537
1 0.4046875 0.445590994371 0.021875 0.0375234521576
1 0.4953125 0.457317073171 0.023125 0.03095684803
3 0.526875 0.443245778612 0.02 0.0365853658537
1 0.8559375 0.454502814259 0.019375 0.0384615384615
1 0.658125 0.450281425891 0.0175 0.0337711069418
1 0.6178125 0.454971857411 0.023125 0.031894934334
3 0.5709375 0.450281425891 0.021875 0.0356472795497
