0 0.586111111111 0.6875 0.0411111111111 0.0517676767677
0 0.406111111111 0.694444444444 0.0366666666667 0.0429292929293
0 0.283333333333 0.707702020202 0.0266666666667 0.0366161616162
0 0.303333333333 0.557449494949 0.0288888888889 0.0391414141414
0 0.221111111111 0.715909090909 0.0222222222222 0.030303030303
0 0.237777777778 0.719065656566 0.0155555555556 0.0315656565657
0 0.151666666667 0.691287878788 0.03 0.0391414141414
0 0.122222222222 0.72095959596 0.02 0.0277777777778
0 0.0705555555556 0.698863636364 0.0322222222222 0.0441919191919
0 0.0483333333333 0.694444444444 0.0255555555556 0.0378787878788
4 0.0911111111111 0.728535353535 0.0111111111111 0.0151515151515
