3 0.49212962963 0.873082287308 0.0305555555556 0.0557880055788
3 0.422222222222 0.888423988842 0.0296296296296 0.047419804742
3 0.284722222222 0.871687587169 0.0361111111111 0.0502092050209
3 0.366203703704 0.686889818689 0.0287037037037 0.0488145048815
3 0.416666666667 0.633891213389 0.0277777777778 0.0516039051604
3 0.221296296296 0.534170153417 0.0259259259259 0.0502092050209
3 0.247685185185 0.435146443515 0.0268518518519 0.047419804742
3 0.3 0.426778242678 0.0240740740741 0.0418410041841
3 0.306018518519 0.373779637378 0.025 0.0418410041841
3 0.285648148148 0.34239888424 0.0194444444444 0.0376569037657
3 0.250925925926 0.36820083682 0.0259259259259 0.044630404463
1 0.364351851852 0.253835425384 0.0305555555556 0.044630404463
1 0.39537037037 0.323570432357 0.0240740740741 0.0418410041841
1 0.471759259259 0.456066945607 0.0268518518519 0.0418410041841
1 0.459259259259 0.294281729428 0.0259259259259 0.044630404463
1 0.60462962963 0.292887029289 0.0277777777778 0.044630404463
1 0.825 0.399581589958 0.0240740740741 0.0404463040446
1 0.859259259259 0.380753138075 0.0222222222222 0.0418410041841
1 0.913888888889 0.405160390516 0.0277777777778 0.0460251046025
0 0.782407407407 0.588563458856 0.0314814814815 0.047419804742
0 0.689351851852 0.712691771269 0.0268518518519 0.0529986052999
2 0.736574074074 0.798465829847 0.0305555555556 0.0488145048815
2 0.949537037037 0.823570432357 0.0305555555556 0.0543933054393
2 0.984722222222 0.730125523013 0.0287037037037 0.0460251046025
2 0.987962962963 0.783821478382 0.0222222222222 0.0502092050209
