3 0.73671875 0.653645833333 0.0125 0.0177083333333
1 0.7015625 0.665104166667 0.0125 0.0197916666667
2 0.702734375 0.705729166667 0.01328125 0.0197916666667
2 0.7828125 0.642708333333 0.0125 0.01875
1 0.803515625 0.636979166667 0.01171875 0.0177083333333
3 0.8390625 0.619270833333 0.0125 0.0197916666667
3 0.876953125 0.618229166667 0.01171875 0.0177083333333
1 0.073046875 0.796354166667 0.01640625 0.0260416666667
0 0.868359375 0.1859375 0.00859375 0.0135416666667
0 0.942578125 0.265104166667 0.00859375 0.0135416666667
0 0.9609375 0.271354166667 0.009375 0.0135416666667
1 0.99453125 0.298958333333 0.009375 0.0166666666667
2 0.697265625 0.21875 0.00859375 0.0145833333333
2 0.685546875 0.230208333333 0.00703125 0.0125
