3 0.161570247934 0.695484581498 0.0322314049587 0.045154185022
3 0.316115702479 0.709251101322 0.0239669421488 0.0352422907489
3 0.359504132231 0.706497797357 0.0115702479339 0.0209251101322
3 0.388016528926 0.636013215859 0.0421487603306 0.0693832599119
3 0.444214876033 0.677863436123 0.0355371900826 0.0517621145374
3 0.49173553719 0.669052863436 0.0347107438017 0.0539647577093
1 0.221074380165 0.712004405286 0.0107438016529 0.0187224669604
1 0.209504132231 0.70704845815 0.00909090909091 0.0132158590308
3 0.536363636364 0.671806167401 0.0363636363636 0.0528634361233
3 0.582644628099 0.678964757709 0.0297520661157 0.0473568281938
3 0.61652892562 0.683920704846 0.0429752066116 0.0594713656388
3 0.656611570248 0.661343612335 0.0371900826446 0.0627753303965
3 0.692148760331 0.654735682819 0.0338842975207 0.0561674008811
3 0.734710743802 0.637114537445 0.0495867768595 0.0781938325991
3 0.768181818182 0.653083700441 0.0305785123967 0.057268722467
3 0.800826446281 0.661343612335 0.0363636363636 0.0583700440529
3 0.864462809917 0.647577092511 0.0314049586777 0.0660792951542
3 0.899173553719 0.590859030837 0.0842975206612 0.104625550661
