1 0.577 0.677354709419 0.066 0.0801603206413
1 0.75 0.668336673347 0.052 0.0701402805611
1 0.878 0.669338677355 0.048 0.064128256513
4 0.823 0.694388777555 0.074 0.0781563126253
4 0.97 0.678356713427 0.044 0.0581162324649
4 0.789 0.119238476954 0.146 0.158316633267
1 0.658 0.0671342685371 0.084 0.10621242485
1 0.461 0.0831663326653 0.098 0.118236472946
3 0.334 0.0751503006012 0.06 0.0741482965932
1 0.257 0.130260521042 0.166 0.196392785571
4 0.155 0.135270541082 0.082 0.122244488978
1 0.062 0.14629258517 0.124 0.292585170341
1 0.092 0.670340681363 0.044 0.0541082164329
1 0.327 0.673346693387 0.046 0.0521042084168
1 0.421 0.685370741483 0.05 0.060120240481
4 0.381 0.736472945892 0.074 0.0901803607214
