0 0.109375 0.352154531947 0.0220588235294 0.0416047548291
0 0.117647058824 0.465824665676 0.0643382352941 0.102526002972
0 0.332720588235 0.377414561664 0.0238970588235 0.0445765230312
0 0.371783088235 0.393759286776 0.0266544117647 0.0475482912333
0 0.424632352941 0.378157503715 0.0275735294118 0.0549777117385
0 0.481617647059 0.387815750371 0.03125 0.0683506686478
0 0.535386029412 0.390787518574 0.0340073529412 0.0624071322437
0 0.548713235294 0.355869242199 0.0275735294118 0.0520059435364
0 0.587775735294 0.381129271917 0.0340073529412 0.0787518573551
0 0.610753676471 0.367013372957 0.0284926470588 0.0683506686478
3 0.388327205882 0.381872213967 0.0211397058824 0.0475482912333
0 0.655330882353 0.363298662704 0.0202205882353 0.0430906389302
0 0.654871323529 0.393759286776 0.0174632352941 0.0505200594354
0 0.675091911765 0.381129271917 0.0321691176471 0.0638930163447
0 0.714154411765 0.377414561664 0.0238970588235 0.0534918276374
0 0.729319852941 0.39970282318 0.0321691176471 0.0594353640416
0 0.758731617647 0.393016344725 0.0284926470588 0.0549777117385
0 0.795496323529 0.387815750371 0.0321691176471 0.0624071322437
0 0.863051470588 0.388558692422 0.03125 0.0549777117385
2 0.828584558824 0.380386329866 0.0358455882353 0.0653789004458
3 0.0772058823529 0.391530460624 0.0496323529412 0.0906389301634
