0 0.632666666667 0.753333333333 0.0813333333333 0.0595555555556
0 0.432666666667 0.744888888889 0.0413333333333 0.0426666666667
0 0.327333333333 0.732888888889 0.052 0.0417777777778
3 0.543333333333 0.289333333333 0.036 0.0346666666667
4 0.0973333333333 0.716 0.0346666666667 0.0257777777778
4 0.00933333333333 0.716444444444 0.0186666666667 0.0266666666667
4 0.0433333333333 0.701333333333 0.0333333333333 0.0266666666667
4 0.134666666667 0.709777777778 0.0293333333333 0.024
4 0.156 0.728888888889 0.0346666666667 0.0284444444444
4 0.197333333333 0.719111111111 0.0266666666667 0.0248888888889
4 0.215333333333 0.730666666667 0.0306666666667 0.0231111111111
4 0.244666666667 0.719555555556 0.0333333333333 0.0275555555556
4 0.27 0.717333333333 0.028 0.0248888888889
4 0.416666666667 0.725333333333 0.0253333333333 0.0213333333333
4 0.467333333333 0.723555555556 0.028 0.0213333333333
4 0.497333333333 0.733333333333 0.0186666666667 0.016
4 0.512666666667 0.736 0.02 0.0177777777778
4 0.546 0.730222222222 0.0306666666667 0.0222222222222
4 0.573333333333 0.736 0.0186666666667 0.016
4 0.788 0.739111111111 0.0266666666667 0.0204444444444
4 0.849333333333 0.736444444444 0.024 0.0186666666667
4 0.871333333333 0.736 0.0226666666667 0.0177777777778
4 0.904 0.730666666667 0.0266666666667 0.0195555555556
