0 0.117857142857 0.583199356913 0.107142857143 0.0651125401929
0 0.190714285714 0.551446945338 0.0814285714286 0.0434083601286
0 0.825 0.772508038585 0.161428571429 0.102893890675
0 0.959285714286 0.617765273312 0.0785714285714 0.0506430868167
0 0.838571428571 0.554662379421 0.0771428571429 0.0466237942122
0 0.971428571429 0.550241157556 0.0542857142857 0.0474276527331
0 0.665 0.340836012862 0.05 0.040192926045
4 0.297142857143 0.586012861736 0.06 0.0369774919614
4 0.208571428571 0.706189710611 0.117142857143 0.0731511254019
4 0.511428571429 0.673633440514 0.0914285714286 0.0627009646302
0 0.255714285714 0.133440514469 0.0714285714286 0.0385852090032
