2 0.536274509804 0.575757575758 0.0294117647059 0.0545454545455
2 0.424509803922 0.527272727273 0.021568627451 0.0484848484848
2 0.441176470588 0.510606060606 0.0196078431373 0.0454545454545
2 0.349019607843 0.560606060606 0.0313725490196 0.0545454545455
2 0.325490196078 0.607575757576 0.0352941176471 0.0575757575758
2 0.170588235294 0.466666666667 0.0196078431373 0.0363636363636
2 0.939215686275 0.530303030303 0.0274509803922 0.0484848484848
4 0.056862745098 0.551515151515 0.0313725490196 0.0545454545455
4 0.0882352941176 0.539393939394 0.0235294117647 0.0545454545455
4 0.116666666667 0.551515151515 0.0254901960784 0.0363636363636
4 0.151960784314 0.554545454545 0.021568627451 0.0363636363636
4 0.440196078431 0.583333333333 0.0254901960784 0.0575757575758
4 0.211764705882 0.539393939394 0.0274509803922 0.0484848484848
