1 0.852083333333 0.329166666667 0.0333333333333 0.0527777777778
4 0.725 0.740277777778 0.0333333333333 0.0472222222222
1 0.734375 0.445833333333 0.03125 0.0472222222222
1 0.626041666667 0.355555555556 0.0395833333333 0.0555555555556
1 0.55 0.540277777778 0.0333333333333 0.0527777777778
1 0.548958333333 0.630555555556 0.03125 0.05
1 0.478125 0.786111111111 0.0354166666667 0.0555555555556
1 0.267708333333 0.594444444444 0.0395833333333 0.0555555555556
2 0.266666666667 0.3375 0.0375 0.0583333333333
2 0.15625 0.470833333333 0.0416666666667 0.0638888888889
1 0.326041666667 0.45 0.0395833333333 0.0555555555556
4 0.372916666667 0.530555555556 0.0333333333333 0.05
