1 0.770416666667 0.491111111111 0.0225 0.0459259259259
1 0.740416666667 0.476296296296 0.0141666666667 0.0281481481481
2 0.717916666667 0.48 0.0225 0.0385185185185
1 0.668333333333 0.503703703704 0.0183333333333 0.0355555555556
2 0.646666666667 0.504444444444 0.0166666666667 0.0311111111111
2 0.6025 0.485185185185 0.0116666666667 0.0222222222222
1 0.392083333333 0.48 0.0108333333333 0.0237037037037
2 0.465833333333 0.482962962963 0.00833333333333 0.0177777777778
2 0.930416666667 0.537037037037 0.0158333333333 0.0311111111111
2 0.906666666667 0.557037037037 0.015 0.0325925925926
2 0.89375 0.556296296296 0.0158333333333 0.0281481481481
2 0.925 0.485185185185 0.0133333333333 0.0281481481481
