02083
01017
00669
00513
02209
02784
01375
00676
00761
02901
00330
00121
02649
01165
00657
01738
02330
00824
00995
03004
01039
02220
01274
00883
00514
00756
00041
03239
03175
02754
00151
01010
02207
01763
01487
00372
01338
03288
00482
00186
01194
02140
02378
02915
01896
01537
01086
03340
00026
01869
00852
01822
03347
00625
01246
00183
03223
02657
00228
01532
02960
03367
00881
02071
01612
00917
02549
00878
01362
01238
01878
00277
00404
00274
00937
01323
03210
00258
02181
01798
00942
02520
03028
00072
00520
02401
00940
00524
02767
00143
00927
02156
01579
00833
01830
01382
00074
03135
00959
02512
02524
00252
00772
01569
03385
01249
00477
00869
02677
00108
02902
03369
00307
00699
00538
03160
00011
00341
00249
03231
00225
00005
01765
01028
01332
00075
00199
00665
01184
02753
02897
00999
02816
01622
02309
01900
02778
00080
01744
00715
00169
00535
02375
00240
02155
01236
00612
00629
01239
02244
00649
00472
02809
00976
01753
00743
01156
03275
01912
00581
01100
00537
01865
01854
00431
00328
02451
01265
02869
01335
02080
00438
02010
02154
02016
02747
00409
01645
02301
01794
00140
01288
02546
01736
02487
00548
00453
00590
03398
02864
01252
02261
02024
01484
03006
03439
01474
00640
02478
02658
01456
01398
00681
02727
01002
02228
01538
01352
00501
01313
03244
01635
03428
03395
00768
03323
03258
03151
03260
00147
01585
01590
01409
00301
02540
03257
03427
00662
01399
01281
01347
03326
02704
00572
02807
00686
00705
00459
02988
01279
00546
01929
03250
00082
00949
03438
02852
02136
03080
00351
00815
01962
00753
02923
00425
02550
03359
00955
01838
01641
00403
01919
00641
00767
00331
01234
00278
03065
02427
01120
00749
01435
02829
02472
02304
01536
03070
00906
00890
02249
00534
01764
01573
01510
01816
03098
02122
03200
02329
00280
01083
01164
01688
02398
01342
00066
02137
01139
01616
02587
01296
03338
00456
03408
02600
03372
01570
02019
02055
03365
02038
03020
00435
03351
00781
01430
02029
03021
02614
00895
00318
01098
03232
00827
00230
01855
00693
02281
02158
02367
00696
01071
00153
01167
00270
03355
00539
02274
01815
03202
01230
01671
03247
00752
01124
01903
02529
01745
02855
02412
01154
01159
01553
01322
01533
00588
02932
02531
03337
02719
00204
01229
02633
02619
02085
02673
01974
00725
01072
00229
03113
02564
01749
01174
01730
01219
01192
02293
02187
02606
03102
03412
01006
01287
01614
02689
01373
01549
00882
03289
00933
02197
02265
00782
02337
00868
00789
03194
01986
00223
00031
02204
01607
03096
00751
01717
01235
00417
02262
02157
02733
02760
01598
02968
01913
01975
01428
02589
01248
02948
02626
01400
00769
02089
03287
00915
00674
01163
00333
01795
01138
02325
00123
02654
00276
00423
00460
01623
00622
00246
00618
00004
00727
02610
02640
01882
01740
01406
01636
00042
03391
00817
02886
00663
01583
01003
01217
03299
02144
02212
02169
02247
01218
02327
02504
02139
01689
01228
01601
01893
02536
02770
03262
02833
02956
02815
01393
00191
00172
01158
02634
02693
01187
02602
01101
02252
02820
02568
02590
00978
00401
02399
01999
02171
02443
01651
00366
01652
00975
02845
00639
00974
01283
01698
01419
02595
02387
02350
02544
02279
00550
02002
00187
01220
01145
03009
03384
02366
00982
02688
01711
00617
01461
01582
01093
01024
03246
01522
02382
01915
00161
01768
03363
01223
03031
00823
02765
03188
00835
02064
00010
00742
01143
00675
02735
01963
00780
01349
01625
00695
01087
00530
00722
01341
02159
02947
02411
00160
01104
01861
01089
00778
00019
02663
00002
02950
02612
01411
01005
01196
01591
00207
03011
00129
00360
01127
02072
00872
00355
00856
00614
03201
01843
00561
03086
00677
03040
01254
03055
02104
00964
00468
03420
01950
01923
00826
00825
00076
01528
00559
00602
00332
03322
01852
03189
00358
01597
02588
03077
03059
02125
01797
00253
03191
01587
01442
00009
02456
01262
00213
01709
02484
03092
01105
00521
03313
01354
01244
00505
03214
02488
01129
00103
02881
02499
02740
01367
00796
00024
00165
00774
01908
02320
00525
02150
02245
00463
02402
00704
00491
00576
03426
00713
01874
00391
01069
00361
01190
02627
02514
00786
01361
01475
01270
00324
00858
02911
03296
00879
01978
02141
01814
01061
02025
02906
00287
00198
02130
03014
01340
02879
00476
00052
01907
00219
02729
02708
02653
00446
00035
02184
01792
00196
02486
01851
00234
01511
01619
01943
01365
00717
03121
02718
02769
00811
03424
01263
02503
01204
01469
02669
00193
01045
01925
02372
00405
01357
02642
01891
02548
01259
03159
03234
03316
01845
03192
00843
02258
02208
02445
01980
02315
02439
02592
02508
03263
02616
01985
01866
01722
00800
00972
00844
01629
03221
01492
01910
00131
00587
02396
03176
03237
01137
03208
00854
02003
00057
02151
03116
01512
01728
03368
00244
02394
02189
03107
02095
03249
01073
02555
00067
01800
00532
00799
01206
00690
01990
00533
02679
02254
01759
01496
03195
00115
00673
00306
01008
02268
01331
01718
00271
00303
02294
00652
00801
01821
01180
02391
01941
01897
03216
01957
03371
02978
01592
02240
02724
01264
01058
03173
02199
01835
03118
01704
01836
00132
02744
00176
01640
00610
02931
02393
00095
02343
01796
03184
01420
01600
01142
02233
02353
01049
03422
00340
01285
02752
00317
00813
01542
01369
01161
03290
02034
02307
01708
02432
00820
01775
02148
02467
01275
01637
03222
00139
01518
02581
00388
00818
00891
03024
03284
02933
01863
01690
00058
02458
01266
00238
01682
03144
02183
02028
00726
01603
02043
00591
00166
02900
00111
00064
00483
02888
03197
00589
03248
03236
00192
01084
00086
01144
02842
03072
02492
02667
00122
02292
00441
01018
01441
00384
02501
01048
03171
03255
00344
00146
03302
03373
01225
02214
02201
03261
00908
02100
03228
02798
01136
02819
01741
02898
02800
00773
02552
01875
01155
03083
03091
02172
02365
00212
02876
00255
00685
02597
02871
01221
00586
01488
00016
00517
00119
01063
02620
00698
00594
02878
02381
02132
01719
02899
02705
01788
02925
03388
00988
00865
02880
00215
00282
01705
01015
03044
02134
01450
02129
00721
03037
02404
00030
03022
01021
00208
00739
02257
00241
00343
00543
01562
03281
00620
02441
02186
01491
01414
00478
00670
00643
02053
00829
02238
03049
00847
00511
00233
01785
00200
00599
00444
01460
01543
01621
02870
02473
02282
00357
02913
00634
01081
00420
00706
02225
03217
02607
00116
00819
01213
00659
02528
02446
02785
00033
02147
00603
00007
01712
01446
02489
02594
01468
02176
01710
00038
00551
00716
03211
02636
02521
01989
02430
01524
02941
00481
00354
00261
02278
02284
01530
03043
03272
01669
00635
03379
01042
02371
01502
02696
01256
02643
01899
01197
00070
01895
02873
02297
00567
03414
03259
02542
01205
00887
01351
02579
02755
02777
01033
01970
00433
00679
00558
00637
00375
00744
02342
00378
01604
03027
00436
01310
02712
01940
01594
02618
03180
03185
00068
00292
02415
02993
00028
00046
02507
00137
02781
01683
01757
01877
02230
00300
01696
00545
01112
01410
00145
00342
00104
01333
01316
03155
01394
03057
00909
00304
03358
01131
01932
01782
00043
02628
00757
00106
03060
02938
00045
02006
00447
00595
02884
00760
00522
00400
01555
02945
03393
01415
00958
01578
01857
00745
00593
01085
01902
02117
00816
02877
00925
00063
02680
03138
01118
02434
01106
00109
01818
02286
00613
02638
01945
01082
01065
01723
01890
02476
02914
00020
03012
00857
02661
00155
01520
00956
01465
00531
01032
02573
02174
02326
00863
02178
02236
03225
00006
01998
01760
00032
02333
00474
03136
01733
01787
00288
01458
00893
01062
00859
01418
00700
02023
00547
01253
03341
01103
00504
01453
02422
02287
01243
00398
02893
01472
01693
02005
02483
01750
01117
01130
03374
00951
02313
00838
02571
00809
01346
02652
00218
00928
01371
02219
02659
00078
01949
02630
00734
00062
00408
03343
01455
01426
00022
03085
02882
00684
03034
01119
00658
00449
03430
02149
01842
02448
02205
01295
01633
01959
02303
00702
02390
03026
00762
00755
01691
00977
02885
02305
00236
03318
01991
02896
02362
01946
00568
02311
02632
00489
01926
03152
01834
02783
02782
02302
03310
00012
02578
02280
00060
03360
01858
02300
01408
00718
00492
03226
01762
02670
01040
02940
03212
00771
01870
00315
01883
01552
03305
00286
01395
02436
00079
01826
02054
01617
00385
02788
01748
01715
02444
03307
02346
02056
02173
02359
03142
02306
03081
00387
00556
00851
00488
00434
00526
02466
02917
00834
02198
02022
02863
03032
00971
01193
01981
01327
00210
03071
00017
02215
02429
02527
01215
02267
03015
02335
01976
01459
00298
03350
01567
00126
01909
03196
00320
01043
02668
02692
02232
01813
02603
03084
00860
01620
02958
01020
00990
01050
00269
02707
01377
01297
02052
00490
00528
01298
02437
02051
00222
02435
02543
00929
01828
00803
02108
01610
01169
00585
03294
00168
01833
00918
00462
00392
01954
03132
03125
01790
00902
02525
01560
01247
03312
00308
01260
01961
00464
03219
03213
02593
03041
00631
00903
01862
01107
02164
03357
03366
01294
00493
01029
02533
03112
00553
00326
00544
00900
00185
00623
00494
01132
00694
00850
01776
02535
01770
01766
02049
01267
01638
01497
01319
03111
03334
00273
01200
02101
00376
02924
00822
01812
00839
00864
02114
01724
00776
02060
02017
00170
01596
01479
00173
03127
00848
01721
02611
03233
03205
00426
02386
01871
02163
01663
00901
02334
00802
01383
02269
03013
00965
01114
01483
03183
00148
01376
00008
01599
00227
02468
03332
01439
03087
00290
01819
02702
02206
00654
01508
02374
00758
00291
03224
01175
01735
02299
01096
02370
01928
02121
00001
01068
00414
00214
02180
03089
01066
01859
01987
01846
01694
00609
01559
01211
00316
00466
02757
01181
01482
00916
02608
03315
02001
01501
01650
02063
02068
02541
01300
00574
01437
00991
01051
02360
00018
03314
00808
00047
03010
03303
01019
01495
03300
03076
01030
00051
02854
00579
01654
01699
00542
01141
00065
00427
00945
01135
03317
00260
00338
02495
02821
02113
00327
00601
02694
02804
00938
00178
02732
03066
01898
00596
03321
03376
00442
01942
01805
01873
02516
01519
01971
00097
00090
01684
00912
01417
00181
01879
00150
00367
02200
00206
01885
03277
03375
01350
01808
02666
02631
02340
00707
02591
01209
03293
00188
00144
01115
02944
01336
01318
00389
03392
01011
02431
00731
00926
00113
01473
02890
01222
00667
03292
02312
00580
02079
00697
00627
02073
01726
02316
03063
00293
00171
00708
00167
00608
02926
02575
00370
00777
00266
00656
03331
01054
01969
00362
01968
02202
00606
01452
01665
00611
01330
02087
01837
00597
02037
01391
01960
01355
01378
01653
00569
03073
01589
02647
02577
01233
01988
01271
02939
01737
01791
03163
00939
01670
02170
00523
03286
00365
01739
02459
01841
00015
00381
02231
01366
01772
02758
02263
03130
03051
02026
01848
01445
03140
03333
00648
02773
02196
00894
00911
00616
00432
01789
01685
01485
02465
00898
02805
02210
01849
01892
00792
01191
00495
00422
01201
03348
00719
01122
01188
02969
02916
00350
01471
02772
00733
01436
00217
01937
00254
03134
01713
03254
00503
02128
03045
02570
00029
00247
00653
02847
03016
01687
01574
02471
02403
02460
00410
02787
02746
01881
03090
00003
01677
02883
00970
02291
02009
00668
03306
00897
00475
02193
00666
01321
00036
03069
00473
01423
00053
01729
01540
00645
02310
03344
03164
01023
00295
02251
01364
02801
01360
01829
02105
00231
00747
02656
02076
02332
02635
00785
02004
01014
03329
01499
03035
01302
02482
02562
00302
02565
03220
03291
00305
02348
01162
00242
02027
00565
00957
00888
03271
02033
00368
03335
03276
01121
01148
02377
01035
01424
01224
01513
00554
01070
01517
00083
00134
03120
01076
02078
03165
03018
01091
02264
02789
00263
01850
00224
00794
02347
00037
00555
03038
01052
02730
01799
01301
02266
03251
00383
02457
00683
00805
00335
00371
01212
01059
01470
00395
00429
01031
02118
02768
00615
00235
02243
03030
01666
00458
00487
01667
02530
01556
00765
03174
02319
00671
00377
03364
00237
00948
02323
00211
02082
01055
01308
02190
01659
02120
00672
00624
02160
01422
02475
00226
02952
01576
01009
00664
02464
00607
00967
02617
00402
01380
03397
00039
00094
00088
01664
03177
01525
00455
02519
02126
00021
03203
03079
01584
00812
03179
03114
03094
00321
00275
00439
00311
00059
02341
00889
00323
01431
01368
03109
01936
02088
00919
00804
03346
01241
03198
02165
00182
00424
02648
02234
02526
00892
01839
03421
01125
02583
00961
01448
00251
01273
02703
00239
02357
00549
01634
00954
01240
02153
01742
01580
00779
00096
00077
00125
00876
02062
03042
01490
01401
02298
02685
03278
00279
03126
00516
00691
01370
02259
00920
00830
00913
00364
01245
03097
00993
01126
01079
00867
00380
01505
01656
01359
03339
00189
00874
02260
01500
01477
01449
01374
02662
02211
02358
02182
02672
03108
03352
03204
00345
03146
00484
01037
02624
00048
01809
00296
01608
02224
00107
00837
01743
01727
00770
01747
00997
00512
01586
02133
00325
00297
01678
00754
02428
03105
02461
01183
01672
00798
00353
02601
00678
03186
02277
00349
01498
02227
00461
00644
02929
02107
01935
01972
02131
00536
01732
02328
01944
01237
00506
02018
02761
02272
01134
02152
01128
00120
01558
01566
00128
00952
00194
00265
01025
01232
01185
00382
00093
01646
01514
01545
01572
01172
01325
01906
00571
01356
02825
02218
03017
00470
00407
02032
03181
02110
01392
00313
01384
01827
02771
02951
03133
01754
01867
01464
01921
02276
00440
02848
01577
02674
00479
02410
01328
01777
00142
03285
01914
01056
00393
00853
00467
01697
01251
01312
01372
00496
01662
01242
01964
03345
02665
00518
02927
01457
02048
02485
00485
03349
00346
02824
03207
02671
02008
03342
01402
02270
01676
02538
02409
02081
01948
02497
01387
00793
01784
00604
01276
01013
02943
02116
02363
01403
01761
00930
01611
00932
02558
03437
03182
03209
00283
01173
00832
01481
03106
02644
02354
01306
00054
02392
00509
01462
01786
01289
00499
00450
03143
00130
02908
00497
00411
02426
00100
00560
01793
01889
00650
00091
00646
01268
00738
00943
01626
03354
00924
00947
01282
02645
01179
01363
02637
00564
02127
00870
01358
00250
01595
02094
00836
00023
01151
00921
01561
03104
02946
01123
01686
01802
02166
02596
01613
01707
00877
01692
01876
01255
01404
00985
01339
02146
00828
02582
01544
02217
03356
00149
00992
02349
01012
00374
00987
03410
02380
03273
00141
00983
02226
01463
00469
01720
02065
01657
00748
02288
02096
01995
00907
02216
00621
02020
02697
02070
01979
00056
01001
00310
01486
03093
03169
01547
02959
03007
00209
02235
00980
00201
01965
02828
01977
00197
01467
02470
00966
00448
03047
02296
03061
00337
02786
00179
00386
00728
02013
01628
01314
01195
00314
02142
00299
00319
00638
01334
03101
00875
03110
01022
03167
01973
01801
01207
02494
02621
00163
03353
03309
00027
01714
02936
00687
03230
03252
03215
01074
01804
03141
01535
00359
02651
01922
01539
01027
00452
02675
01844
02580
01602
00540
02739
00457
01779
00710
03404
00159
00336
00577
00133
03190
02894
02042
00660
00633
02192
01571
02061
01116
01643
03265
03240
02563
01563
01381
02376
00500
00723
03078
00962
03052
01108
01951
02255
02604
00632
00232
01305
03229
00136
02793
00741
01996
00390
00969
02424
02423
00000
03440
01046
01927
01440
00049
02351
00087
03067
01097
02031
01701
00352
02567
02433
01157
03054
00598
00647
02660
01924
01397
01099
03058
01541
03267
02289
00626
00164
02405
01993
01933
01317
02030
00268
00264
03048
02891
02868
01489
00986
00712
00845
00289
01864
00508
00592
00124
03161
01758
02285
01016
01649
02551
00285
02047
02011
01290
01953
03269
01427
03062
01731
01337
01703
01568
02383
00886
00651
02690
01615
01660
02676
01269
02185
01147
02046
01642
01075
03139
00180
02556
01658
01769
01702
02123
02806
02188
01982
00605
00486
02145
03046
02239
00732
00309
01478
01379
01557
02339
03394
02014
02194
02084
00437
03370
01007
00256
00807
02569
01405
02566
03389
00797
02097
03103
01041
02161
01088
00583
01916
01277
00138
00329
00855
02691
00784
01177
00098
00682
02191
03283
00840
03279
01853
01746
00356
02092
02742
03128
02710
00174
02050
03419
01905
00724
02474
00156
02683
02794
02780
01752
03227
03129
00746
02091
00284
01648
00884
00127
03199
02044
00071
01548
02420
02698
00498
03218
00415
01307
01261
02222
00348
01090
00899
01695
00221
01434
02417
02861
02559
01425
02058
01092
02803
00946
03122
03158
01047
00025
02102
03137
01605
02509
01416
00085
02066
01067
00034
00849
00783
03304
01700
00736
00515
01303
00775
02007
02241
02229
00451
00110
01824
00934
01226
01494
03095
03386
00788
02762
02385
02553
00688
00979
01673
02779
01888
02721
02059
00866
00846
01286
00527
03415
01887
00960
01647
02373
01348
01166
02099
01992
03328
03029
00454
02822
03319
02135
03119
01531
01527
00044
02823
01227
03330
02246
01102
02413
02609
01421
00692
01203
02629
01386
00396
01150
01680
03124
02706
02213
03297
01609
00406
01832
00996
00998
00552
01140
00445
02554
01997
02408
02452
01639
00931
02743
01044
00905
00363
01413
00841
01476
00740
02379
01284
00220
00216
01344
03023
02713
00541
01624
00152
01111
00981
01955
00578
00729
01080
01575
02623
02248
02605
02598
01554
00994
02406
01390
01315
00118
02477
00557
02273
03301
03270
02905
00162
00184
01389
01094
00871
00061
00014
00968
01480
01581
02223
01026
03336
02576
02295
00831
02203
02450
03241
00821
01433
01655
02250
01292
01994
01343
01078
01038
02283
02853
02510
03435
00655
01674
01644
01668
01771
01526
01938
00935
02808
02812
00842
02903
02253
03325
02045
00013
03298
00419
01725
03274
01840
01894
00944
01886
02686
01825
01627
01171
02021
02949
00810
00092
00430
01523
03243
00245
00412
03068
02776
01258
01952
01109
03206
00507
00914
01807
01931
02368
00566
02895
01447
02646
01565
01856
01632
01884
01716
02389
01299
01202
01550
00582
03242
03238
00050
00529
02955
00418
00259
02321
00963
00281
00073
01110
02664
01004
03178
02012
01057
00689
01324
00312
01529
02336
01773
00936
01756
02242
00399
02655
01095
01113
01198
03253
02678
00394
01588
01506
01444
00413
03001
01182
00791
00790
03005
02728
01231
01681
01000
00563
00158
02453
01385
02041
02086
00322
01432
00984
00480
02162
00248
02221
02352
00570
00205
00941
01168
00923
02572
00267
01451
03008
03036
01396
02586
01774
02421
02143
01214
02124
00628
02364
02937
01868
02109
00502
01146
00814
01503
03193
00759
00347
01593
03145
00373
03064
01454
02039
00294
01133
01901
00471
02035
03264
01880
00630
00750
01053
03295
00203
00763
00950
01546
01353
02522
03268
02438
01412
02015
00806
01280
02384
00040
02584
01679
03411
02388
02275
01509
01751
00619
01309
00443
03327
00202
01176
01278
02766
01326
01820
02506
00190
02835
01755
03256
01778
00069
02904
02641
01178
00737
02440
03266
00117
01872
02271
02069
01493
01388
01917
01199
03187
00416
02511
00766
01911
01767
01345
02074
00661
01186
02887
02574
00885
01216
01734
02077
00880
02067
01160
02195
00709
01947
00112
01438
02560
00101
03320
01551
00154
02400
02416
01429
00243
00636
00084
00600
01534
01811
02725
00910
01823
01329
01810
00102
01152
02119
02237
02115
02177
02892
03148
01060
01153
03311
01291
02749
00397
00519
01293
02534
02723
02491
02322
01521
02057
02106
00175
00428
02490
01806
00720
03053
02290
01064
01618
03324
00272
00642
00135
00339
00973
01272
01304
00795
03413
00379
03088
01320
02930
02395
00177
00114
00089
01250
01606
02720
01918
00055
00257
02036
00711
01443
00573
01504
03282
01189
02613
03403
02865
02889
03245
00953
00369
03019
00873
00099
02625
00735
01407
02918
02505
01257
02912
02455
01210
01958
00195
00510
00701
02920
00081
03025
03235
00862
03377
00787
02909
01904
02397
02138
01466
02547
00703
03308
00334
02532
00105
00465
02355
00896
01077
02369
02874
01675
02795
02256
01208
01984
03362
02748
01860
01034
00714
03172
02756
00262
01507
02872
00922
00562
03280
